0.04572894051671028
-2.3477606705021564e-39
-5.502342700958252
-1.466907785562313e-13
1.7621150016784668
-1.3458781242370605
-0.08205830305814743
-1.90671706199646
-0.0008361362270079553
-0.01957755535840988
-9.05307970811009e-08
-0.4124838411808014
-3.1720547676086426
-0.16589054465293884
-3.3685638904571533
-1.2877724170684814
-0.2975177466869354
1.2805477380752563
-1.5199272951349485e-09
-6.211843597147973e-15
-0.9449655413627625
-2.477081775665283
0.12699516117572784
-2.3605048656463623
-0.41428184509277344
0.08593328297138214
-8.594909104431281e-07
-0.8496906161308289
-0.22174008190631866
-0.0007590690511278808
-0.15281905233860016
-0.0877319946885109
-8.629536871307423e-30
-0.058958813548088074
-0.10313121229410172
-2.0358548164367676
-1.184593915939331
-3.0521183013916016
-2.694106898687324e-20
-0.7518754005432129
-0.03044336475431919
1.1310254335403442
-0.9014387130737305
-1.6285247802734375
3.6589701175689697
-0.07187868654727936
-1.6774566173553467
0.5343455672264099
-1.9510313272476196
-1.5210902690887451
-1.645949125289917
-0.5149847269058228
-1.9891550632664644e-14
-1.4634500741958618
-2.7289297580718994
-4.890428317594342e-05
-2.8487765789031982
-0.03728299215435982
-2.9192878857736767e-18
-1.9690685272216797
0.9852204918861389
-0.012417938560247421
-2.4740962982177734
-4.2471953674227466e-20