-2.044569969177246
-1.2372642755508423
-0.6328233480453491
1.2851210832595825
-2.325610637664795
-0.4969116151332855
-4.047359943389893
-0.46980932354927063
-2.945089817047119
-4.331328392028809
0.9444842338562012
-8.247154235839844
-2.059206485748291
-0.33248069882392883
-1.9494702816009521
-0.47572532296180725
-2.1511905193328857
-0.8757482767105103
-3.3460259437561035
-1.2213846445083618
-0.03485597297549248
-1.5841329097747803
-2.4187352657318115
-0.7953730225563049
-0.8666766881942749
-0.5741775631904602
-0.4305548071861267
-1.1071196794509888
-0.9986431002616882
-1.150202751159668
-0.541398286819458
-1.7100282907485962
0.21926845610141754
-2.0112221240997314
-0.10315781086683273
-0.6264763474464417
-3.5061275959014893
-0.7199447154998779
-5.690247058868408
-1.3603954315185547
-6.209376811981201
-1.8280054330825806
-2.130154609680176
-4.275238513946533
-1.8863029479980469
-2.251882314682007
0.013269658200442791
0.26699700951576233
-2.096414566040039
-1.4791430234909058
-1.6630980968475342
-0.9403784275054932
-2.543771266937256
-0.9863103032112122
3.772001266479492
-2.771411657333374
-3.3949010372161865
-5.266616344451904
0.7950648069381714
-1.2700656652450562
0.5168479084968567
-2.254957914352417
-0.9877221584320068
-1.0306962728500366