-0.0667707547545433
-6.743812501260684e-31
-0.2198747992515564
-7.59517249093733e-09
0.07842797040939331
-0.5739209651947021
-0.34426137804985046
-1.412168264389038
-0.0028171446174383163
-0.0006159296608529985
-0.0008903354755602777
-0.13822713494300842
-0.277001291513443
-0.042118389159440994
-0.36366015672683716
-0.8081983923912048
-0.05526648461818695
-0.730429470539093
-0.00032420651405118406
-3.2004676016253795e-40
-0.14819663763046265
8.726010146651189e-23
-1.217203140258789
-0.47351059317588806
-0.07715548574924469
0.7363952398300171
-4.30885264795238e-40
-0.5436570048332214
-0.19653303921222687
-0.2580823600292206
-0.32474926114082336
-0.051046788692474365
-1.9305894056742545e-06
-0.012320002540946007
-2.588931920399773e-06
-0.00031231113825924695
-0.3705833852291107
0.5098971724510193
-3.2136398071900327e-40
-3.209587574005127
-0.08279713243246078
-1.7298082113265991
0.3758540749549866
0.275900661945343
-0.12223289161920547
-0.042956188321113586
-0.39189666509628296
-7.226692362308087e-40
7.990414038349756e-40
-4.3285956053296104e-05
-0.5799499750137329
-0.3337794244289398
6.91470727221081e-41
-0.2715704143047333
-0.05376008152961731
-4.2229950910431985e-40
1.1332757472991943
-0.1539413332939148
-3.4424039140057427e-12
-0.7847890257835388
-1.7600722312927246
-0.007827235385775566
-0.24399162828922272
-0.00020569638581946492
1.7077484254880113e-40
-2.644702653429091e-37
-0.3861967921257019
-2.9579029003912183e-08
0.2560506761074066
4.557877398047543e-40
-0.13841505348682404
-0.6377396583557129
-0.03537077456712723
-0.001474733930081129
-5.541943461437585e-29
0.11991088837385178
-0.04531005769968033
-0.2354964315891266
0.053542397916316986
7.690827175110826e-08
-1.3077818143406627e-29
6.84507675151851e-40
-6.254921913750877e-08
4.420606200482284e-40
0.21902848780155182
0.040762387216091156
-2.9287137904388677e-40
-0.42911455035209656
0.09832970052957535
0.0009306240826845169
-8.242157491622493e-05
4.811694588890697e-40
-0.20770476758480072
-0.01192436832934618
-0.15041716396808624
-0.12693379819393158
-3.470765146977779e-17
-0.09463226795196533
2.741579907420691e-32
0.04245492443442345
-0.010927171446383
-2.6272552544055984e-39
-4.1170355451462437e-32
-0.1243981271982193
7.415937719915154e-40
-1.1207697221547033e-39
-0.0355190746486187
0.08720565587282181
1.3264787197113037
-0.10485905408859253
-0.0489647351205349
-5.37058777548884e-31
-0.27902689576148987
4.374055065497414e-40
0.0313309021294117
-0.010665172711014748
5.182131213427545e-33
7.011901333696379e-40
-5.5273166951444166e-39
-9.00280358403577e-34
5.26706053785769e-40
-0.1777881383895874
-3.533418585899403e-16
-1.345411777496338
-0.508047342300415
-0.07611916959285736
0.3262971341609955
-5.247427839472074e-11
-0.19688713550567627
-0.00022749292838852853
-0.326358437538147
-5.112014332553372e-05
-0.3170526921749115
-0.23696249723434448
-0.2813141345977783
1.4688332080841064
-0.013626361265778542
-2.596585727587808e-05
-0.007791065610945225
0.2406236231327057
-0.5192674994468689
-0.2850068509578705
-0.20488181710243225
0.2452383041381836
0.0511687807738781
-5.367597987060435e-05
-0.017656764015555382
-8.47288109961679e-40
0.3763215243816376
1.2150834798812866
-0.4317496716976166
-0.006509637925773859
-0.23702317476272583
0.3373323082923889
1.896321159832202e-40
9.670963260645222e-40
-0.2627275288105011
-0.2550108730792999
-0.039972592145204544
-0.18226417899131775
-7.78986850491492e-06
-0.27785372734069824
-0.09879007190465927
0.32532840967178345
-0.498529851436615
-0.3347542881965637
2.59321491211022e-40
-2.2393481731414795
0.42927050590515137
-0.00017666921485215425
0.05310346186161041
-0.08586157858371735
-0.2908364236354828
-1.4882924006087705e-05
0.3550889492034912
-0.006859695538878441
-1.7801382801922865e-26
-0.28347986936569214
0.898242175579071
-0.2948068380355835
1.730604482335546e-35
0.026692738756537437
-0.3181137442588806
-1.0575718988548033e-05
0.6908946633338928
-0.27890637516975403
-6.295374623732641e-05
1.2755906581878662
-0.423967570066452
-0.09834251552820206
0.0023020547814667225
-0.011106119491159916
-4.514679908752441
-0.002757677109912038
-0.7059606313705444
-0.0009552325354889035
-2.5228147506713867
-1.8556265830993652
-0.34840431809425354
-0.24430029094219208
-0.0006559297326020896
-0.012103263288736343
-9.09856244106777e-05
-0.3812909722328186
-0.5585281848907471
-0.2747807204723358
-1.6348375082015991
-1.754725456237793
-0.455282986164093
-1.3566898107528687
-0.03165426850318909
1.7278710714357157e-40
-1.0465445518493652
-0.9205214977264404
-3.1599628925323486
-3.1476290225982666
-0.17706283926963806
-0.5229624509811401
-4.915090470042349e-12
-6.9493184089660645
-0.25360170006752014
-0.2856707274913788
-0.10692164301872253
-0.2951321005821228
-0.0742729976773262
-0.24410946667194366
-0.13061504065990448
-6.019969463348389
-1.0364983081817627
-0.40653330087661743
-2.927655616880411e-23
-1.7559170722961426
0.10970356315374374
-3.844564437866211
-1.1056641340255737
-0.8142991662025452
0.061325784772634506
-0.2559550106525421
0.17526160180568695
-0.9641597270965576
0.4832596778869629
-1.3886446952819824
-0.8860819339752197
-0.3094156086444855
-8.864928346952183e-09
-0.9396544694900513
0.5775128602981567
-0.013004266656935215
-2.636406898498535
-0.2798204720020294
-0.003984610550105572
-0.6801038384437561
0.11792726069688797
-0.23465685546398163
-1.168091893196106
-0.1071304902434349
0.5615496635437012
-7.519127303914749e-22
-0.9986016750335693
-6.832134684386926e-13
-0.7008889317512512
-0.741133987903595
-0.12472289800643921
0.10151693969964981
-0.004099569283425808
-0.000180977483978495
-9.023091995796761e-11
-1.0899465084075928
-0.10655323415994644
-0.11732540279626846
-1.4013782739639282
0.22014327347278595
-0.30280646681785583
-0.28294825553894043
-7.978164452699465e-18
-1.4761464856204856e-17
0.25959011912345886
-3.7226829528808594
0.5892241597175598
0.18282866477966309
-0.21190285682678223
-0.02484101615846157
-0.008688762784004211
1.2592378854751587
-0.20916558802127838
-0.21026600897312164
-0.10028665512800217
-0.3116474449634552
-2.959101366717398e-11
-0.19240987300872803
-0.0001498968922533095
1.765039324760437
0.10117494314908981
-1.857313871383667
-6.565713889670714e-40
-0.044600460678339005
-1.345422387123108
0.5473699569702148
-0.15917308628559113
-0.619007408618927
0.07885045558214188
-0.10674265772104263
0.6720873713493347
-0.18952935934066772
0.28672388195991516
-0.2184324860572815
0.013723510317504406
-0.5348085165023804
-7.863211517594347e-23
0.19922897219657898
-1.0079017877578735
-0.00043938957969658077
0.04370623081922531
-0.004635087680071592
-6.819782097985255e-14
-1.0466479063034058
-0.2609670162200928
-0.0494522824883461
-0.7536216974258423
-7.177169914455891e-25
1.0614555607567624e-40
6.043632120817217e-40
-0.0021722863893955946
-2.5555900483430986e-40
-0.006139103323221207
-4.355623861584945e-09
-0.26754331588745117
-0.20340853929519653
-1.9086259616474382e-39
-1.1731826137766158e-26
-5.75188178054479e-40
-1.0466760658535286e-39
-2.3057422367855906e-05
-0.10604733973741531
-2.864683666063973e-26
0.007844122126698494
-1.548616879176734e-08
1.2725638868545982e-24
-8.150876055879053e-06
-8.547584320749946e-40
-4.674018394545953e-10
2.4863435754696184e-08
2.5713266300974663e-40
-0.197316512465477
0.013505739159882069
-0.011977811343967915
-3.7410536606330425e-06
-7.074815733254525e-10
-0.21646922826766968
-0.0289154089987278
7.80224768056022e-40
-0.06156783178448677
-1.4426858144686505e-39
-0.016958707943558693
-0.011361307464540005
0.0006119635072536767
-3.2728896712796995e-06
-7.309691270350046e-40
7.707603982279721e-40
-0.31700992584228516
5.390010465117549e-40
0.1129617914557457
-0.12304358184337616
0.0459342785179615
-0.18478868901729584
-0.006047509610652924
-0.28731390833854675
-1.1683187750577417e-10
-0.2775776982307434
-1.5548938872567142e-11
0.004228867590427399
-0.22650009393692017
-3.695546349071337e-40
1.311685427531245e-40
3.210807782993632e-39
1.2824823675347158e-40
-0.0037790723145008087
-0.131022110581398
5.23283123986767e-32
0.23937955498695374
-0.05141163617372513
-0.02245779149234295
1.0622539394595457e-14
8.758143427999393e-40
-0.08009322732686996
-0.0003713108890224248
-3.268296241760254
-0.002713854191824794
0.1273728311061859
-5.8914734836434945e-05
-0.28205162286758423
-1.8950023651123047
-0.005789582617580891
-0.13105851411819458
-0.032771892845630646
-0.34003156423568726
-4.15282678604126
-0.29841914772987366
-0.08860689401626587
-1.0185580253601074
-0.3034767508506775
4.733852459197454e-39
-0.03523029014468193
-3.1178050052148585e-40
-0.4353204071521759
0.14556151628494263
-0.3421759605407715
-0.13779304921627045
-0.26109498739242554
0.04156091809272766
-1.725268356724468e-29
0.197113037109375
-0.2633642256259918
-0.32369643449783325
-1.1656953574856743e-05
-0.13545681536197662
-0.0002184828044846654
-0.06360398977994919
-0.12083178758621216
-0.2542552947998047
-0.9478276371955872
-0.5519642233848572
1.1070614135922182e-27
-0.5700092911720276
-1.0379915237426758
3.8767958976409665e-39
0.015307784080505371
-0.6958280205726624
0.019505547359585762
-0.08061036467552185
-1.4994155168533325
-0.0007286746404133737
-0.2517065107822418
-0.46946361660957336
-1.462328314781189
-0.2599737048149109
-7.569559949012759e-30
-0.06057870760560036
5.335289760085665e-40
-1.7607226440730095e-11
0.29584768414497375
-0.27107083797454834
-8.025897841434926e-05
-0.20047502219676971
-0.47368714213371277
-0.12371192872524261
-0.00236329878680408
-0.028472669422626495
-0.19437561929225922
-4.135176894731467e-27
0.0793260708451271
-2.6903300920366746e-08
0.3521234691143036
-1.150497555732727
-0.2879386246204376
-0.008867224678397179
-0.00036983107565902174
-4.194299574322713e-09
-6.767623683678892e-10
-0.477455735206604
0.05020243301987648
-0.09007774293422699
-0.07258645445108414
0.126608207821846
-0.11900250613689423
-0.23622699081897736
-4.498194357438479e-06
-2.1018355926100796e-40
-0.4460437595844269
3.156004401352353e-40
0.41855862736701965
0.3018067479133606
-0.13546432554721832
0.31763729453086853
6.849518867650419e-40
-0.14237545430660248
-0.19378969073295593
-0.1820661425590515
-0.042257972061634064
-0.23700948059558868
-1.0023770702360935e-09
-0.01884164847433567
2.3459176190151277e-32
-0.37967830896377563
0.32125869393348694
5.919226244452924e-39
-2.7786907768482528e-40
-0.15939174592494965
-0.00015914332470856607
0.0651562437415123
-0.011358007788658142
0.49419787526130676
0.9882073402404785
-0.002622195053845644
-0.0010046014795079827
-0.1495232880115509
-1.1918614291062113e-05
1.4192210716835315e-40
-0.18213410675525665
-0.2713641822338104
-4.912532026383511e-40
-0.08653189241886139
-2.4859514064791942e-14
3.4175847856878666e-40
-0.11212670803070068
-0.15543900430202484
-6.8779566596158595e-15
-0.06502553075551987
-0.33930397033691406
-0.008705118671059608
-5.342590525084798e-41
-1.8664425738279533e-07
-0.16101711988449097
-3.656739863799885e-05
-2.0447065830230713
-0.005295827053487301
-0.7189615964889526
0.04713203012943268
-0.24205733835697174
1.6321277618408203
-0.04551216959953308
-0.038130179047584534
-0.0058202617801725864
-0.004773629363626242
-4.3150529861450195
-0.29198092222213745
-2.577320098876953
-0.22212666273117065
-0.09965754300355911
-0.8196039795875549
-0.04792085662484169
3.4599320252797626e-40
-0.5710209608078003
-1.4841721057891846
-0.7379348874092102
-0.13321125507354736
-0.22092042863368988
-0.32712605595588684
3.7845428145406065e-40
-0.18879878520965576
-0.2579915225505829
-0.24902468919754028
-0.2742656469345093
-0.32899901270866394
-0.00028793414821848273
-0.14637653529644012
-0.09086639434099197
-5.518076983311184e-23
-0.7028268575668335
-0.08407451957464218
-4.3690794255049625e-13
-0.0675162523984909
-0.32785290479660034
-0.7480263113975525
-0.46760085225105286
-0.4796410799026489
0.009754217229783535
-0.009248609654605389
0.6605274081230164
-0.13330410420894623
-0.2913375198841095
-0.2373548448085785
-0.8064582943916321
0.04301204904913902
-3.2984923386408793e-12
-0.479561448097229
-0.19224749505519867
-6.262075192018995e-15
-0.906979501247406
-0.29493868350982666
-0.0006821952993050218
-2.316023826599121
0.28899869322776794
-0.14231468737125397
-2.7210853099823
-0.011761484667658806
-0.10280080139636993
-2.7871820407199266e-07
0.6414726972579956
-7.033123097244243e-07
0.06837470829486847
-0.09950239211320877
-0.20741006731987
1.1568132638931274
-0.001434778911061585
-0.06792551279067993
-1.1944080142711755e-05
0.20106200873851776
-3.1566154956817627
-0.300874263048172
1.0095654726028442
0.28850501775741577
-0.3160534203052521
-2.960153341293335
-0.00032593513606116176
-7.844747664520175e-18
1.8749539852142334
-0.2800222933292389
0.31778621673583984
-1.416422963142395
-0.5350468158721924
-0.4612419307231903
-7.021616621472049e-09
-0.48044711351394653
-0.3152164816856384
0.28187867999076843
0.23443160951137543
-0.06940840929746628
-2.191361547337939e-20
-0.18552246689796448
-0.12642435729503632
-2.2068734169006348
-0.19335207343101501
0.32070013880729675
-2.9580629442080935e-35
0.1989152878522873
0.2688217759132385
-0.04459444433450699
0.184541717171669
0.15422992408275604
-0.0010102414526045322
0.030656777322292328
0.05276934802532196
-0.510981023311615
0.05616164579987526
1.0494312047958374
-0.5227254033088684
0.008802269585430622
1.337090968689454e-40
0.3995407521724701
-1.7110955715179443
-9.185013597519466e-23
-1.3613353967666626
-0.21668171882629395
-7.397914218879854e-23
0.7430238127708435
-0.05956248566508293
-0.04739147797226906
-0.7430809736251831
-0.0008937203674577177
0.3071073293685913
-6.06771900493186e-05
-0.29092150926589966
-0.0038902699016034603
-1.7246923446655273
0.2743503451347351
-0.2410544902086258
-0.387937992811203
-0.10926120728254318
-0.006778175011277199
-1.5990361134754494e-05
-0.1582999974489212
-0.4613270163536072
-0.24039791524410248
-5.8809659364555955e-09
-0.43923109769821167
-0.23201894760131836
0.44503751397132874
-0.021974340081214905
-6.707525294260386e-40
-0.5956429243087769
-0.9191589951515198
-0.8839792609214783
0.21193920075893402
-0.488466739654541
-0.7161698341369629
-0.0022139279171824455
1.4317066669464111
-0.29476556181907654
-0.11873923242092133
-0.2037094682455063
-0.39374658465385437
-2.5530951006658142e-06
-0.24891062080860138
-0.15793783962726593
-0.07245355099439621
-0.4238094687461853
-0.09750929474830627
-9.095273769159015e-14
-0.7317467927932739
0.0020409992430359125
-0.22863754630088806
-0.4777768552303314
0.7091927528381348
0.38938939571380615
-0.23971085250377655
-1.4971996545791626
-0.1986994594335556
-0.5824311375617981
-1.2338311672210693
-0.5365586876869202
-0.557461678981781
-1.5796830735311483e-14
-0.18123508989810944
-1.6215351819992065
-4.092686651802069e-07
0.0776149109005928
-0.2527965307235718
-4.75796832688502e-06
-2.214773416519165
0.918439507484436
-0.17360138893127441
-0.9758661985397339
-0.012279074639081955
-2.307420492172241
-3.8747579921070207e-28
2.702698230743408
-3.3402333343701684e-08
0.4678756892681122
0.7159110307693481
-0.1934124231338501
1.9353963136672974
-0.05492759123444557
-0.17236827313899994
-1.3843252262761176e-21
-0.9654654264450073
2.28818678855896
-0.18239004909992218
0.20006252825260162
-0.33864542841911316
0.3460482656955719
0.5132873058319092
-2.5172786990879104e-05
-6.0177361251964944e-40
1.440988302230835
-3.308485746383667
-0.4904097616672516
-0.06555044651031494
-0.23362089693546295
-0.32055073976516724
-1.2766794554863736e-07
-3.2163863521801094e-39
-0.22731085121631622
0.0829760953783989
0.21078436076641083
0.16730257868766785
-5.4283726819148725e-11
-0.13787773251533508
-0.0005738610634580255
-2.3255319595336914
0.9397362470626831
-0.6526082158088684
-5.0997793105103886e-21
-1.4818474054336548
0.5979621410369873
-1.1086081266403198
-0.26682478189468384
0.5514788627624512
-1.6502783298492432
-0.12936937808990479
-2.1806194126838818e-05
-0.7797891497612
0.3578697443008423
1.9826855659484863
1.4539577960968018
-0.26087942719459534
-3.267856088357296e-17
-0.0556328184902668
-0.18980161845684052
8.540157438889025e-40
-0.11845500767230988
-0.2145136445760727
-1.1559024848395438e-09
1.9398162364959717
0.7299157977104187
-0.08600349724292755
-0.7097347974777222
-6.95121116223163e-09
-0.1456729918718338
-2.1912812371738255e-05
-0.06268268823623657
-1.1364366248401821e-20
0.09710822254419327
-3.928464958680356e-16
-0.26916268467903137
0.3100455105304718
-0.003922741394490004
1.0775667174379156e-34
-0.0005532121867872775
-1.8782163836731253e-40
-0.2408592253923416
-0.2909596562385559
-0.328317791223526
-0.5702645778656006
-0.14659112691879272
8.684589271606984e-40
-0.022473111748695374
-2.9894180399134188e-40
-0.2862473428249359
-0.15743891894817352
-0.03123231790959835
-0.2525999844074249
-0.22302041947841644
-1.1262702941894531
1.600033106994642e-29
-0.06470639258623123
-0.25783437490463257
-0.02064303122460842
-0.00063522212440148
-0.08217250555753708
-4.002777700407023e-07
-0.02791501209139824
-0.09054799377918243
-1.3801420632507183e-18
-0.25293734669685364
-0.17139920592308044
-6.403933981964414e-42
-0.21301208436489105
-0.6601957678794861
-1.6527566815138783e-10
-0.148270383477211
0.5777824521064758
0.2299194037914276
-0.005332279484719038
-0.3277253210544586
-0.0026481582317501307
-0.024681370705366135
4.766943220602116e-06
-1.1635282039642334
-0.23239219188690186
-6.344588992000258e-40
-0.02509460039436817
1.2086871878064423e-39
-3.6242911960471247e-07
-0.6482263207435608
-0.22813816368579865
-1.478543651955988e-07
-0.37451043725013733
-0.5868269801139832
-0.15457160770893097
-0.11231532692909241
-0.008833404630422592
-4.25032377243042
-2.684510218387004e-05
-0.719011127948761
-0.00024720202782191336
-0.6628574132919312
-0.34622400999069214
-0.27003973722457886
1.3462074995040894
-0.0029539093375205994
-0.16935943067073822
-0.03560563921928406
-0.6483531594276428
-2.6567208766937256
-0.13434956967830658
-2.031795024871826
-0.299729585647583
0.06549868732690811
-0.6413244605064392
-0.01858701929450035
-2.86804125529182e-26
-1.3638997077941895
-0.4069562554359436
0.7249071598052979
-0.18366442620754242
-0.25331491231918335
-0.8135378360748291
1.2772148866073188e-39
-0.7262634634971619
-0.26245051622390747
-0.2664084732532501
-0.014402620494365692
-0.24259671568870544
-0.0003504659398458898
-0.3197422921657562
-0.04930773377418518
-0.10617755353450775
-0.6492719054222107
-0.7558117508888245
-6.573459540959448e-05
0.1628013551235199
-1.8988624811172485
-2.936371326446533
-0.5301308035850525
0.30685412883758545
0.11877945065498352
-0.033449478447437286
0.470856249332428
-0.4721483588218689
-0.4774928689002991
-0.40035250782966614
-2.1218197345733643
-0.2456032633781433
-3.422332974046154e-28
-0.7073714137077332
-1.5417991876602173
-0.06831590086221695
-1.0735998153686523
-0.25393861532211304
-0.000903438194654882
-0.31830185651779175
-0.1966991275548935
-0.1240556612610817
-1.4963475465774536
-0.0012885816395282745
-3.566708165664385e-39
3.2389752834250254e-40
-0.15611658990383148
-4.7946986658775614e-11
0.47242671251296997
1.9563541873423414e-39
-0.17387478053569794
0.01587284915149212
-0.044785868376493454
-0.005492034833878279
-6.6258155808056055e-40
-1.0637634993275054e-39
-8.728406828595325e-05
-0.22458970546722412
-0.08067736029624939
1.774594566131698e-39
-1.573352586452595e-13
8.80355951122816e-40
-5.146806074662891e-07
-2.077618352549618e-39
-3.018651984475103e-23
-0.1819128394126892
1.103969554865913e-39
-0.10041967779397964
0.21646249294281006
-8.175427474594561e-40
-8.887441237302644e-40
4.432867562045126e-40
-0.21553581953048706
-8.840849659463856e-06
1.2601332664489746
0.0043478538282215595
-1.8136941674512375e-24
-0.05327606573700905
-1.8855367997851025e-21
3.5388531547905363e-40
-0.07214013487100601
-0.1114329993724823
-2.7603123223667788e-27
0.002279850421473384
-4.112987294496717e-12
-0.08829822391271591
3.562048839251948e-19
7.336835305959966e-11
-4.139487266540527
1.0089101998289607e-08
-8.604141175185604e-37
-1.2814832417296522e-39
2.2159377213661922e-39
-1.5526386984718973e-42
-0.09569527208805084
-0.05074303597211838
-1.0026181079953522e-20
2.0268829403502738e-39
1.9258395119832042e-39
5.66137191273405e-40
-2.857092024628762e-39
-0.1996895968914032
-4.0423386860055643e-11
-0.6199242472648621
-0.18285894393920898
-0.0638493150472641
-0.46027207374572754
-1.6408509273535543e-10
-0.3556137681007385
-3.5154331702591524e-12
-1.5131289958953857
-7.638891474925913e-06
0.34308290481567383
-0.5869067311286926
-0.21627624332904816
0.328925758600235
-0.09180442988872528
-0.016536498442292213
-0.0003051340754609555
-0.2986215054988861
0.8976548314094543
-0.2880358397960663
0.32676243782043457
-0.32363489270210266
-0.2840053141117096
-1.2388206720352173
-0.00321842054836452
3.4705538676393447e-40
0.2794948220252991
-0.09616419672966003
-1.9108511209487915
-0.4364883601665497
-0.11981163173913956
-0.9765722155570984
-0.00010923900117632002
-1.5989444255828857
-0.26124897599220276
-0.33291834592819214
-0.25794801115989685
-0.10563734918832779
-1.5195566049897025e-07
-0.34707754850387573
-0.08555971831083298
-0.15237250924110413
0.5802435874938965
-3.750509023666382
-3.252349019440548e-14
-0.4895450174808502
0.3525933027267456
-1.1961126327514648
-0.25502800941467285
-0.6051436066627502
-0.16390076279640198
-0.167164146900177
-1.335967779159546
-0.28345778584480286
-3.029927968978882
0.2876055836677551
1.6207572221755981
-0.018074234947562218
-2.5713712910780014e-14
-0.07569842040538788
-2.118906259536743
-0.016482235863804817
-0.1572301983833313
-0.2532479763031006
-0.0012635113671422005
1.5702608823776245
-0.4380936622619629
-0.1219412162899971
0.0030302528757601976
-0.00011728717799996957
-1.1945706605911255
-1.0068973136368937e-21
0.15760163962841034
-8.030316166696139e-06
-0.9749442338943481
-0.682275652885437
-0.3227591812610626
-2.0191359519958496
-1.3379310814798373e-07
-0.1889520287513733
-0.001234967727214098
-0.5895870923995972
-0.5731454491615295
-0.2846808135509491
-0.02623767964541912
0.2517925202846527
-0.2931240200996399
-1.4934645891189575
-0.0021570578683167696
-7.370275852736086e-06
-0.21589505672454834
-0.3611988127231598
-1.8317570686340332
-1.93125581741333
-0.3100886940956116
0.29330161213874817
-5.610004241750691e-15
-2.5722403526306152
-0.23465992510318756
-0.21675148606300354
-0.34156686067581177
-0.08725226670503616
-0.00026990880724042654
-0.07163868844509125
-0.00044905886170454323
-0.7597246766090393
-0.9827336668968201
0.7071945667266846
-1.710140818018957e-12
-1.084027647972107
-1.3681316375732422
-0.7467528581619263
-0.6190024018287659
-0.43774494528770447
-0.09311781823635101
-0.1132233738899231
-1.395375370979309
-0.5077788233757019
-0.8614853024482727
-0.8795958757400513
-3.007582426071167
-0.3600117266178131
-2.5369062933717882e-16
0.5458120107650757
-1.3696746826171875
-5.740652113672695e-07
0.31901851296424866
-0.24067625403404236
-2.4021099306992255e-05
-1.059733510017395
0.2940795421600342
-0.07229029387235641
-0.6498384475708008
-0.0028067235834896564
-0.01119317952543497
-1.946754676290392e-37
-0.07131609320640564
-3.6646762815902214e-21
-0.21430082619190216
-0.01398254744708538
-0.3198760449886322
0.029503077268600464
-7.845423169783317e-06
-7.65705901462077e-12
-1.0426519241700104e-15
-0.0675714761018753
-0.47181275486946106
-0.22372762858867645
0.1953427642583847
-6.690796681141364e-07
6.299980093160684e-09
-0.0004924883251078427
-9.164349989987386e-07
-1.1799395498108187e-39
-0.03630390763282776
-0.014680607244372368
-0.03572702035307884
0.17072118818759918
-0.08812087029218674
-0.12767243385314941
-2.02556291719688e-40
-6.185317408545099e-40
-0.24385282397270203
-0.28644633293151855
-0.21514864265918732
-0.026340557262301445
-1.3257289664024374e-22
-0.0008583063026890159
-0.003088627941906452
1.9678994853899136e-40
-0.5647068023681641
-0.1608131229877472
-2.8331732611412017e-40
0.1392819881439209
-0.06319847702980042
-3.098038177995477e-06
-0.17397506535053253
-0.05753141641616821
-0.6228168606758118
-0.0014942616689950228
-0.019364289939403534
-2.6026610650582336e-39
0.03714751452207565
-0.004504898097366095
-0.38871118426322937
-0.30207881331443787
6.013980645312104e-40
-8.950367558213657e-09
0.1696687638759613
-5.170760708494981e-09
-0.0026858130004256964
-0.20897865295410156
-2.799428711845048e-13
-0.7599368095397949
-0.33247432112693787
-0.035067398101091385
0.49566978216171265
-1.332172239187912e-08
0.10510945320129395
-1.0282808489137096e-06
-1.4501185380806354e-20
-1.2347323945505195e-06
0.3501388728618622
1.0726736783981323
-0.22029370069503784
1.2342138290405273
-0.006950612645596266
-4.743437901212821e-36
-1.3391183529165573e-05
-1.122481107711792
-0.010898214764893055
-0.28362414240837097
-0.9567525386810303
0.42260998487472534
-0.026927856728434563
0.464842826128006
-0.0030277546029537916
4.004154309869592e-40
0.3551599383354187
-1.317608118057251
-1.4400532245635986
-1.8387874364852905
-0.4529212415218353
-0.8951006531715393
-1.0570538175537385e-32
0.19360262155532837
-0.3095269203186035
-0.05398096144199371
-0.11328624188899994
-0.19247086346149445
-1.6613441184011055e-17
-0.01552820298820734
-0.10362306982278824
1.116343379020691
0.154628187417984
-1.6240119934082031
-1.2650767384158478e-36
-0.5014464855194092
-0.8756749629974365
-0.6953946352005005
1.462297797203064
-0.7242421507835388
-0.04224700853228569
-0.04912067577242851
-0.46101561188697815
-0.33706554770469666
0.5083152055740356
0.8053209781646729
-1.3736692667007446
0.34083810448646545
-4.178139527200161e-40
-0.26412028074264526
-3.311476230621338
-3.6414924124983372e-06
0.1380305141210556
-0.23649856448173523
-1.7028856547085525e-08
0.5035529136657715
0.25617337226867676
-0.14017336070537567
-0.1998632401227951
-0.002104920567944646
-0.68854159116745
-2.8598871666495814e-37
-1.038954496383667
-3.307249016870628e-06
0.08849440515041351
0.4347062110900879
-0.1471039205789566
0.2144867330789566
-0.028732679784297943
-0.005067016463726759
-0.01238233596086502
0.7120534181594849
-0.4861214756965637
-0.10559457540512085
-0.8907895684242249
-0.2076907753944397
-0.3699794411659241
-1.141656756401062
-0.00012013374362140894
2.3390333836663414e-40
0.17787101864814758
0.5574874877929688
0.026652866974473
-0.4470408856868744
-0.042424287647008896
-0.40580159425735474
-1.3414335171546554e-06
-1.8738049268722534
-0.24777501821517944
-0.2346756011247635
-0.20393383502960205
-0.13121306896209717
-2.0478680973212704e-09
-0.2806984484195709
-1.5184959067937598e-08
-0.08763366937637329
-0.36543217301368713
-0.3231901228427887
-2.7884253143579937e-27
-2.9715075492858887
-1.1010836362838745
-2.149738311767578
0.3342627286911011
-0.672010600566864
0.41709646582603455
-0.0019207203295081854
-0.8795720934867859
-0.1259302794933319
-0.40804997086524963
-0.8886079788208008
-2.237171173095703
-0.20692415535449982
-4.2807954241049354e-36
-0.14503495395183563
-0.5231620669364929
-3.542429993785845e-08
-0.0018538376316428185
-0.21833038330078125
-1.543780392410099e-08
0.09823136031627655
0.49602004885673523
-0.019944138824939728
-0.505250096321106
-9.550370272393138e-09
-2.7051470279693604
-0.0006424607126973569
-1.2473174333572388
-0.006782295182347298
0.09740253537893295
-1.4334896802902222
-0.23030386865139008
-0.4313332140445709
-0.12434209138154984
-0.04470455273985863
-0.00275521376170218
-0.7170130014419556
-1.595898985862732
-0.25128284096717834
-0.39441969990730286
-0.6334652900695801
-0.3161686658859253
-3.7244222164154053
-0.0464145690202713
5.6901265572219954e-40
-1.362046480178833
1.0662388801574707
-0.17878960072994232
-0.45407024025917053
-0.252920001745224
-1.4025810956954956
-5.626391574864442e-10
-2.2050483226776123
-0.27033865451812744
-0.2490265667438507
-0.46043068170547485
-0.2503489851951599
-2.1224926967988722e-05
-0.18321852385997772
-0.11465227603912354
1.6806472539901733
0.27355602383613586
3.84426615509013e-40
-2.6761281755329717e-15
-2.5427682399749756
-0.7033531069755554
-3.633443593978882
0.3581577241420746
-1.3963062763214111
-0.0300973542034626
-0.011364651843905449
0.4266340136528015
-0.40339285135269165
-0.49660399556159973
-0.5389183163642883
-2.073807716369629
0.09282070398330688
-6.152006421650258e-12
0.1090167760848999
-0.7324632406234741
-4.411946175972757e-40
-2.163456678390503
-0.25653141736984253
-0.00012955916463397443
1.038066029548645
-0.2672812342643738
-0.1923544704914093
1.1142841577529907
-0.01830655336380005
0.01067765150219202
3.000600401658731e-41
0.00603604968637228
-1.12195236881041e-25
0.1469365954399109
0.09900788962841034
-0.29051443934440613
0.08505051583051682
-5.437710664843166e-40
1.1433619716743829e-36
-6.218889986309151e-12
-0.044902294874191284
-0.00162844592705369
-1.4295877370784638e-08
0.0014611894730478525
4.959307369122674e-40
-0.2366611659526825
2.6502379505189898e-39
-1.169584313296182e-13
-9.993247894455287e-40
-0.19773074984550476
0.020551273599267006
-0.18469563126564026
-0.4316675662994385
-0.013967040926218033
0.048069268465042114
7.934488216638552e-40
-1.7620627539652412e-39
-0.17928576469421387
-0.2444121539592743
-0.06784798949956894
-0.024104883894324303
-6.074227763570167e-14
-0.17961151897907257
-1.6124607189166626e-32
-0.046108074486255646
-0.004680856131017208
5.995720325023487e-39
6.5208443128430335e-40
-0.548026978969574
-5.065909063767249e-12
4.714196165878093e-06
0.19591906666755676
-0.19755376875400543
-1.2242859601974487
-0.01098609622567892
-0.005056530237197876
-8.329669185513922e-07
-0.00019446562509983778
0.0645836889743805
-0.018142204731702805
-0.32690584659576416
-5.368934936214104e-41
2.7910445066225975e-09
-3.0513116143993102e-05
-2.6183972767768182e-09
0.16637971997261047
-0.11245408654212952
-1.320706333195106e-21
0.1743292212486267
-1.1164251565933228
-9.925489763418227e-08
0.0001427605893695727
-1.1797690602222133e-10
-0.22870008647441864
-5.303375019138912e-06
2.176531807250914e-39
-7.900730997789651e-05
-0.07070784270763397
0.07726942002773285
-0.28084471821784973
0.10674998164176941
-2.2165766111470475e-08
-3.789909541751513e-08
-0.01214891579002142
-0.05230947211384773
-0.1923498809337616
-0.2901488244533539
-9.173466768651849e-15
-0.00028158057830296457
-0.3505307734012604
0.04553922265768051
-0.022023310884833336
-5.0382985635566635e-40
0.035437554121017456
8.736015957567037e-34
0.13081541657447815
-0.187564417719841
-0.25287196040153503
-0.509442925453186
-4.19908254932082e-37
-3.0751545429229736
-0.26068946719169617
-0.30537816882133484
-0.15101046860218048
-0.047867629677057266
-7.078015187289566e-06
-0.010123681277036667
-0.12650613486766815
-0.465195894241333
-0.7089099287986755
-0.03697383776307106
-5.734799952264671e-40
-1.2651711702346802
-0.1419212818145752
0.0513494648039341
-0.5266594290733337
-0.1146794930100441
0.08545711636543274
-0.008082960732281208
-0.7554600238800049
-0.1421400010585785
-0.023769794031977654
-0.3278968632221222
-0.7292322516441345
-0.31054770946502686
-3.402422736303872e-40
-0.028233036398887634
0.026417309418320656
-0.00025252849445678294
0.6811518669128418
-0.2604259252548218
-0.00012156866432633251
-1.2561230659484863
-0.4369315505027771
-0.05925345793366432
-0.00010948145791189745
-0.004657518118619919
-0.06858604401350021
-5.644325895559632e-09
-1.5324254087900613e-09
-1.8749757302316539e-10
-2.1377368592660814e-40
-6.651697563441685e-40
-0.28150972723960876
-0.014722493477165699
-8.56695578477229e-07
-1.6034603352403598e-17
-8.86040652403608e-05
2.101423610861568e-39
-0.31518545746803284
-0.2477899193763733
-0.05410092696547508
-7.028394616621482e-40
-2.153651621483732e-06
-3.128679081298019e-41
-0.0026887713465839624
1.2121119612532522e-39
-8.500106179971504e-34
3.4392068209923985e-41
0.03236065059900284
-0.23531794548034668
-0.21630267798900604
-0.04506828263401985
-2.3763499617713113e-40
1.4102807874811391e-40
-0.2518901228904724
-0.2920334041118622
-0.009836632758378983
-0.06958705931901932
-9.901741648832285e-09
-0.02077406272292137
-0.044349584728479385
6.5512244635495955e-40
-0.702410876750946
-0.0033267063554376364
-3.1328829766909935e-41
0.30027905106544495
7.532595817070195e-40
-0.0005113647785037756
0.16091962158679962
-0.013938800431787968
-0.3840384781360626
-0.005297098308801651
-0.3242124319076538
-5.540257686462456e-40
9.901537891861528e-33
-7.008846503044151e-40
-0.2697216868400574
-0.35340622067451477
-1.0863986734217442e-40
1.021319570141571e-39
-8.168497083136086e-20
1.4462292778953887e-38
-0.07188994437456131
-0.2317647784948349
-3.2897816026888904e-08
0.5595718026161194
-0.527654230594635
-0.07599859684705734
-0.011742992326617241
-8.161547884810716e-05
2.989834785461426
-0.011341182515025139
-0.001110582146793604
-0.020969364792108536
-0.4561767876148224
0.058803409337997437
-0.24965640902519226
0.2885441482067108
-0.04039868339896202
-0.022493552416563034
-0.014367391355335712
1.876994451412234e-39
9.865281318693145e-40
-0.3162059783935547
3.5929012365595445e-40
-0.32586660981178284
-0.2367486208677292
-0.14004284143447876
-0.08488226681947708
-3.4720252310268858e-40
-0.0011210788507014513
-5.4366328186006285e-06
1.4466902017593384
-0.3309604227542877
-0.28659117221832275
-0.14338678121566772
-1.7194238586637316e-14
1.116320013999939
-0.2724396586418152
-0.24196240305900574
-0.12805931270122528
-0.1345907300710678
-0.0017831568839028478
-0.14335067570209503
-0.22841563820838928
-0.2291647046804428
-0.931538462638855
-3.2212530617467095e-39
-7.361997872489066e-15
2.4413602352142334
-2.980842093311751e-41
2.18044114112854
-0.41201162338256836
-0.31861206889152527
0.055429983884096146
-0.006813266314566135
0.39149975776672363
-0.005317621398717165
-9.515468299094633e-20
-0.026813991367816925
-0.27312108874320984
-0.1364259123802185
-5.90337999838153e-13
-1.4491766289554031e-39
-0.4080495238304138
-0.005495649762451649
-0.8778753876686096
-0.2679417133331299
-0.001467137597501278
-0.48281118273735046
-0.3856743276119232
-0.22312916815280914
-0.008101954124867916
-0.07339758425951004
1.7990257106248464e-07
-1.8327506179360853e-10
-5.024783118340965e-36
-1.0816034873295521e-10
0.39159902930259705
-2.4684512027306482e-05
-4.145186380810628e-07
-0.18794861435890198
-5.5371449647623194e-09
5.714767549938069e-38
-4.036960277176149e-08
-0.05798965319991112
-0.007369989063590765
-0.002810768550261855
5.079384634530667e-40
-0.0855361670255661
-3.510375206357771e-30
1.4459556041401811e-05
-6.8711603228459e-19
4.7072978532984985e-40
-0.1073685735464096
-0.0009671080624684691
0.00010466882667969912
-0.09205000847578049
-0.020178161561489105
-0.007670704275369644
-3.1782850469351176e-40
0.0001708054478513077
-0.20485450327396393
-0.0014554193476215005
-0.10701733082532883
-0.012522192671895027
-4.368972225015158e-15
3.5519652490909854e-19
-0.039077769964933395
-3.052535325343537e-39
0.03884895518422127
0.001764700748026371
-9.055358832282687e-40
0.00906712282449007
-0.003294485853984952
0.031608641147613525
-0.0781310498714447
-0.7234187722206116
-0.0980987623333931
-0.0021539314184337854
-2.3530512407887727e-05
-1.1715118489519227e-05
6.485858259334319e-31
0.0528172105550766
0.28253379464149475
2.9239208032853445e-14
6.997005531020606e-40
-0.09682632982730865
-8.06585157988593e-05
-2.335782371229108e-40
-0.17720288038253784
-0.14632290601730347
4.641016435935935e-40
0.1941699981689453
0.3055959939956665
-1.614577360697922e-10
-8.38007728477186e-24
-2.4957593268482015e-05
-1.0202983617782593
-0.0005605859914794564
-0.6375973224639893
-0.002904883585870266
-2.011194944381714
-0.8434950113296509
-0.2803976237773895
-0.4084211587905884
-0.008349153213202953
-0.0001293478417210281
-0.010370398871600628
-1.1510465145111084
-0.47009292244911194
-0.30227094888687134
-0.010242016054689884
-0.500952422618866
-0.28146785497665405
-0.7731326222419739
-0.036894191056489944
3.0124413736822755e-40
-0.869891881942749
-1.717429280281067
-1.666658639907837
-0.6526129841804504
-0.26374056935310364
0.34727364778518677
-4.8392557755025465e-37
-1.924947738647461
-0.26684072613716125
-0.24593330919742584
-0.006954689044505358
-0.3566659688949585
-2.604728979349602e-05
0.006664982996881008
-0.11764442920684814
0.9601506590843201
-0.21303854882717133
-6.046194539521821e-05
3.815063095093601e-40
-0.13685418665409088
-0.1535274237394333
0.5634081959724426
-0.25857099890708923
-1.245431661605835
0.09749896824359894
-0.0004906469839625061
-0.36037546396255493
0.006428202614188194
-0.297667533159256
-0.05280423164367676
1.0290840864181519
-0.2852676510810852
-3.936135282411265e-40
-0.28123730421066284
-0.5376130938529968
-0.001568708335980773
-0.4189584255218506
-0.25567424297332764
-0.000281529180938378
-0.1577829122543335
0.3203088939189911
-0.16991737484931946
-0.7938701510429382
-0.019500605762004852
-0.16108225286006927
-6.534957719850354e-06
0.5443981289863586
-3.566964608126e-07
-0.08381307125091553
-0.019821947440505028
-0.22031472623348236
-1.0856038331985474
-0.009724128060042858
-0.047168925404548645
-1.513100073680107e-06
-1.0131724010257134e-28
-0.20919907093048096
-0.27222055196762085
-0.6132789254188538
0.45266804099082947
-0.0017339797923341393
-0.4392149746417999
-0.014595055021345615
-7.565512317997185e-40
0.007820216938853264
-4.674591547141157e-40
-0.5421342253684998
-0.4425465762615204
-0.0182180292904377
-0.39415180683135986
-2.4000879577569737e-40
-0.19891688227653503
-0.2616283893585205
-0.12445521354675293
-0.09441214054822922
0.0016169999726116657
-1.6278586811857565e-10
-0.04954003915190697
-0.030808623880147934
-0.1721724420785904
-5.582522499025799e-05
-1.4032357931137085
-6.131885898100394e-40
-1.0738263130187988
-2.2780791368859354e-06
-0.2510339319705963
-0.06191527470946312
0.16331174969673157
0.11701104044914246
-0.000182170799234882
-0.47947561740875244
-0.0009207681869156659
-1.9258368233465717e-09
-7.124535050252784e-19
8.869832527125254e-05
1.0812054824782535e-06
-7.086646593783465e-41
-0.15393511950969696
-0.003331052605062723
-0.00021620858751703054
-0.3095265328884125
-0.243099644780159
-4.257482032699045e-06
-0.2956655025482178
-0.3117852807044983
-0.1339903622865677
0.2119572013616562
-0.005369589198380709
9.08125482790341e-41
5.8761209023918284e-40
0.0001668106415309012
-5.552849389998061e-18
-0.02763768471777439
-1.2950580683690753e-37
-0.08940870314836502
-0.14356563985347748
-1.3419972674455494e-05
-1.602950533197145e-06
5.837459077761107e-40
2.5399116403840294e-14
-5.644779957947321e-05
-0.17619095742702484
0.20210213959217072
-0.18673516809940338
-1.8333557250116428e-07
-0.09729299694299698
-5.229998123468249e-07
4.9339438669183944e-40
0.08766840398311615
-2.191972715029309e-39
9.422681198736151e-40
-0.14877168834209442
0.11327575147151947
-0.11477865278720856
-9.786733650681331e-19
0.06764327734708786
-0.17288456857204437
-0.0008288583485409617
-0.10834837704896927
-0.006729678716510534
-5.463298374801737e-40
-0.014589480124413967
-1.6507498906944856e-31
-0.11027609556913376
-0.009982172399759293
-0.9871808886528015
6.731277303230691e-40
0.21150048077106476
0.012345454655587673
-0.2615172564983368
1.04126129940596e-07
-0.062376148998737335
0.7811604738235474
-7.463525253115222e-05
-0.15889456868171692
-0.004555695690214634
-0.2607559263706207
-4.116748641478091e-40
-0.00010499136988073587
-0.0016038597095757723
2.0247641770722147e-40
0.006564890965819359
2.495750400021036e-39
-4.763530391507583e-22
-0.27665385603904724
-0.09558480978012085
-4.360945820216315e-19
-0.264104425907135
0.5722477436065674
-0.022726429626345634
0.21556498110294342
-2.617457365146689e-23
-0.009506762959063053
-2.4252164720905967e-08
5.935984372787785e-40
-6.005437569456262e-08
-0.030378585681319237
-1.9568342090287283e-17
-0.20264558494091034
-0.07886311411857605
-0.0003283291298430413
-6.149644775705349e-30
-2.0211258799918141e-07
1.1941543214329296e-39
4.0096754258190316e-41
-0.2392423003911972
-5.965119409590138e-23
8.544529490097718e-40
-0.0009606576059013605
-1.1421717536003362e-39
-0.00010490411659702659
7.479878968842295e-40
2.66500756351298e-25
3.1273338347722672e-40
-1.0150795880799326e-39
-0.23660947382450104
-0.18211764097213745
-0.31320035457611084
4.568036811913898e-40
9.279286326881793e-40
-0.24179691076278687
-0.07312432676553726
-0.04934795945882797
-0.03970029950141907
-3.0686355691721123e-13
-0.021062543615698814
-0.03972070291638374
9.749379922708839e-40
-4.7865753003861755e-05
-0.22609847784042358
6.411150669055687e-40
0.10929325968027115
7.996019232207055e-40
0.010407018475234509
-4.0199091699832934e-07
-0.0463624969124794
-0.725774347782135
-8.17531892754923e-34
-0.32609623670578003
-1.3774567722527946e-39
-1.3893033494701966e-40
-7.8931919508949e-40
-0.25264063477516174
-0.0001617190573597327
5.781112866510606e-40
-1.3244792825105306e-40
-9.289936195210661e-40
4.863472567147499e-40
-7.367915221542742e-40
-0.2031249701976776
-1.458932597669417e-14
-0.09105711430311203
-0.05754504352807999
-0.03841499239206314
-2.686934701534015e-32
-9.607028914615512e-05
-0.04345198720693588
-1.3748032934302046e-08
-0.05733118951320648
-6.431151859942474e-07
-2.272262408672281e-37
3.0643917116501894e-39
-0.22808319330215454
0.0015653966693207622
-1.949245051946491e-05
8.053980798740477e-26
-3.511530788369299e-10
3.634807067135178e-39
0.00392112834379077
-0.21636644005775452
-4.048620312739547e-39
1.4496194392701297e-39
5.5334760211411815e-12
3.730018291293728e-40
-0.0006931454408913851
2.818347523388645e-40
-6.810298458503894e-08
0.07116999477148056
-0.0032187995966523886
-0.22329723834991455
-0.14941714704036713
8.608841851275321e-29
3.8971931980876785e-40
2.2496025156731316e-40
-0.25589823722839355
-0.005530268885195255
-0.005159799009561539
-0.14777281880378723
-7.977511290208278e-19
-0.005554851144552231
-0.046806007623672485
1.3543899982315438e-39
4.296493195497035e-40
-1.6877072898209643e-34
-1.568319228287692e-40
-0.04857902601361275
5.1557974397902994e-40
-1.0728481172717232e-40
-0.2228589653968811
2.7438171670438933e-32
-0.6056024432182312
-0.1306924968957901
-0.18962642550468445
5.259946145554313e-39
-0.4278166890144348
-0.001366887823678553
1.9621401487015386e-40
-3.080823444179259e-05
-2.947981644323334e-40
1.7567238068161637e-40
0.056476011872291565
-1.6700125343049876e-05
4.58258228997359e-40
-0.20937439799308777
-1.0918406803672731e-11
-0.42397215962409973
-0.3760547935962677
-0.07636643201112747
-0.0018685456598177552
-0.00010035595914814621
0.25542786717414856
-2.7379861933241045e-08
-7.769239346089307e-06
-0.0025603221729397774
-1.360525369644165
0.1268634796142578
-0.25647974014282227
-0.5498886704444885
-0.005109858233481646
-0.0002669648383744061
-0.017420968040823936
-0.5979933142662048
2.3730709233647912e-40
-0.29762160778045654
-0.29872992634773254
-1.0525043762754649e-05
-0.05006511136889458
-0.18340881168842316
-0.030099011957645416
7.209764676859043e-40
-0.061530038714408875
-0.001581369899213314
0.42466333508491516
-0.20695173740386963
-0.2600861191749573
-1.0191147327423096
-5.743073019984183e-27
-0.23728466033935547
-0.2656008005142212
-0.17623236775398254
-2.035727936257092e-39
-0.23397402465343475
-1.5171244740486145e-05
-0.0647847130894661
-0.12773406505584717
-0.9847233891487122
-1.3171318769454956
4.898925418294917e-40
-1.8179772756056284e-36
1.502827763557434
-2.3450504158972763e-05
0.17031793296337128
-1.1964662075042725
-0.016170185059309006
0.4764484465122223
-0.006665718276053667
0.15759244561195374
-0.024513036012649536
-3.426469447731506e-06
0.6583249568939209
-0.3855380415916443
-0.07439218461513519
-5.8757285388218175e-40
-0.00905572809278965
0.9867737889289856
-0.002120739547535777
-1.7975422143936157
-0.25906744599342346
-0.00037936586886644363
-3.5795252323150635
0.29722684621810913
-0.15046772360801697
-0.00123296317178756
-0.005520347505807877
-1.544854760169983
-0.00010934844613075256
-3.3738529682159424
-0.01845710538327694
-0.28255772590637207
-0.38820624351501465
-0.34641963243484497
-1.000042200088501
-0.18601909279823303
-0.07344238460063934
-0.008333469741046429
-1.3931998014450073
0.05450238659977913
-0.34333986043930054
-4.5403008460998535
-1.7124940156936646
-0.5249009728431702
-2.8543524742126465
-0.08942733705043793
-6.782256541362828e-40
-2.8714139461517334
-0.07160736620426178
-3.8369674682617188
0.6259136199951172
-0.2305089682340622
-1.2762534618377686
-0.00287919444963336
0.14456234872341156
-0.25948411226272583
-0.30613264441490173
-0.18611609935760498
-0.12246416509151459
-0.03364429995417595
-0.16241616010665894
-0.14286139607429504
-3.632427215576172
-0.9745522141456604
-1.4663913249969482
-6.416870019165799e-05
0.339345246553421
-0.678070068359375
-0.165968120098114
0.010557114146649837
0.6916301250457764
0.1434721052646637
-0.3066105544567108
-1.2959173917770386
-0.20456911623477936
-2.8848307132720947
-1.6774318218231201
-2.428985834121704
-0.3493887782096863
-3.4233905807923293e-06
-0.3721441626548767
-1.7433782815933228
3.7690724794944605e-40
-0.6505551934242249
-0.2728343605995178
-0.016058458015322685
-0.3761850893497467
-0.06529761105775833
-0.1425829529762268
-2.9703638553619385
-0.08255428075790405
-1.8901525735855103
-2.695260548080114e-07
-3.281193971633911
-1.086971401775827e-08
0.5399248003959656
-2.9909804197814083e-06
-0.28177058696746826
-2.580003023147583
-1.9236956916302006e-07
-0.1568836122751236
-0.015036475844681263
-0.6502223610877991
-1.9608855247497559
-0.12058249115943909
-0.26565659046173096
-1.3263143301010132
-0.4198923110961914
-1.1760025024414062
-0.0020222938619554043
-5.278167494401201e-28
-0.8952872157096863
-0.37591877579689026
-1.4334427118301392
-0.0033718717750161886
-0.1679704189300537
0.11017528176307678
-5.481657353811897e-05
0.9690147042274475
-0.2950352430343628
-0.3302508592605591
-0.021109042689204216
-0.09181969612836838
-6.577081876457669e-06
-0.28411605954170227
-0.053414616733789444
-1.107770562171936
-1.5611003637313843
-0.4184073209762573
4.3371588769317413e-41
0.12422740459442139
-0.23917628824710846
-1.5830228328704834
-0.24126049876213074
-0.71742182970047
0.0787750855088234
-0.1975567787885666
-1.5004931688308716
-0.21387994289398193
-0.7821053266525269
-0.16170190274715424
-4.415879726409912
-0.251017689704895
1.1658102573950316e-40
-0.09221263974905014
0.010807092301547527
-0.04729888588190079
-1.525178074836731
-0.19043070077896118
-0.0005267962696962059
-0.10896548628807068
0.12347723543643951
-0.13902762532234192
-0.4223164916038513
-0.00015695586625952274
1.5704195499420166
-1.1656468679177578e-08
-0.43294569849967957
-0.0008956392994150519
0.5963908433914185
0.012023255228996277
-0.3445318341255188
-2.3440136909484863
-0.009007813408970833
-0.0016616437351331115
-0.0014877882786095142
-0.0008333721198141575
-0.7720441222190857
-0.22213523089885712
1.1545185943695022e-39
0.5161235928535461
-0.11047814041376114
0.19652916491031647
-0.031905289739370346
-6.700308607169113e-40
-0.19728344678878784
-8.387554865738014e-22
-3.159522771835327
-0.8583182096481323
-0.17809762060642242
-0.21081867814064026
-1.5982520421442564e-16
1.0550345182418823
-0.24780593812465668
-0.256661981344223
-0.21433085203170776
-0.15748998522758484
-0.0007479740306735039
-0.03249064087867737
0.0015847705071792006
-0.666530966758728
-0.32435041666030884
-2.30381595066093e-39
-8.4328779107801545e-16
-0.030448250472545624
-0.0008430347661487758
1.2556015253067017
-0.3630739450454712
-0.11667920649051666
0.039962295442819595
-0.033442746847867966
-1.5260742902755737
-0.16647595167160034
-0.10586496442556381
-0.004351457580924034
-0.47140955924987793
-0.21339870989322662
-3.2202126510767658e-24
-0.12176619470119476
-0.32857537269592285
-6.575713484835433e-08
-8.516028993099667e-10
-0.2639620900154114
-0.0004905861569568515
0.4819113314151764
-0.07262968271970749
-0.0989365428686142
-0.00035550043685361743
-0.005905754864215851
-4.850019070540702e-16
-4.358713374178353e-25
0.026209114119410515
-1.3861464059905515e-11
0.2875606119632721
-8.36579943097604e-08
-0.16424065828323364
-1.3749182224273682
-0.01618790253996849
-0.0003645175020210445
-1.2793279890316311e-12
-0.6838213801383972
-0.44419050216674805
-0.27706775069236755
0.652914822101593
-0.6665552854537964
-0.08073560893535614
-0.6074351668357849
-5.5880259424156975e-06
-3.2498073205542563e-40
-0.35081860423088074
-0.09048375487327576
-6.591848106030372e-41
-0.03523026779294014
0.09453456103801727
0.07793164998292923
-1.5636825992260128e-05
-0.43512430787086487
-0.22988909482955933
-0.025014400482177734
-0.15320251882076263
0.10429470241069794
-5.077695534004556e-14
-0.0722193717956543
-1.3369618500291836e-05
-0.06106889620423317
-0.022588929161429405
-0.3228833079338074
-2.368654971144213e-31
-0.1409928798675537
-0.08858756721019745
0.00911253783851862
-0.22872118651866913
-0.01936420053243637
0.599816083908081
-0.0004372134280856699
-0.20136098563671112
-0.020224809646606445
-0.269091933965683
-0.04356200993061066
-0.7138701677322388
-0.03402750939130783
-6.61470328398351e-40
-2.876669565473844e-40
-5.012234412120222e-40
-1.2873923083134287e-07
-0.11185502260923386
-0.22068996727466583
-4.7900523547639295e-09
-0.2442052811384201
0.06650876253843307
-0.0887385681271553
0.6182931661605835
-9.038171810971107e-06
-0.17764994502067566
-6.559731924316026e-12
0.035394180566072464
-8.3875519862886e-09
1.5568712949752808
5.524581501958892e-05
-0.09333755820989609
-1.0838689804077148
-0.0013827972579747438
-0.06028308346867561
-8.153923092280024e-10
-0.004092713817954063
0.9476553201675415
-0.1291562169790268
-0.021818099543452263
1.5616770735667924e-40
-7.03149407854653e-06
-7.048377132722754e-40
-2.1928546630078927e-05
-8.089724060516455e-40
-0.33192339539527893
-0.34880805015563965
0.27023133635520935
0.014784389175474644
-0.09659184515476227
-0.20122069120407104
-2.7935193429584615e-06
-1.1550328709059094e-39
-0.18006817996501923
-0.11828245967626572
-0.02073420025408268
-0.1365763247013092
-2.562843972500848e-18
-0.27382102608680725
-0.0021100088488310575
-0.443279892206192
-0.35187554359436035
4.3526992769011035e-40
9.564282408556174e-41
-0.24352124333381653
-0.23804809153079987
-8.621951230251664e-40
0.01908240094780922
-0.2835521996021271
-0.37356239557266235
-0.1280730813741684
-0.013518296182155609
-0.267792284488678
-0.2792564034461975
1.277896761894226
0.5322107076644897
-0.08263327926397324
2.6756252747971625e-40
-1.3906362994475785e-07
4.1057764745024275e-40
-7.353543504492627e-39
-0.33153536915779114
-0.16183850169181824
-1.0135868533378556e-10
-0.5138642191886902
-0.8837658166885376
-0.04560214281082153
0.008131100796163082
-4.532684033620171e-05
-2.05226469039917
-1.275093989812695e-13
-0.26120662689208984
-2.1442014258354902e-05
0.4758584797382355
0.4630710780620575
-0.18837815523147583
-3.291135311126709
-0.07332947850227356
-0.00501177366822958
-0.0002914585347753018
-0.3119131624698639
-0.27337104082107544
-0.25273919105529785
0.25869593024253845
0.48704421520233154
0.07135695219039917
0.25773125886917114
-0.0026191698852926493
4.671620794396789e-40
-0.8430500626564026
-2.136676788330078
-3.488255023956299
0.43191564083099365
-0.23627708852291107
-0.04365452751517296
-0.00035792074049822986
-0.22908945381641388
-0.2584434449672699
-0.22053448855876923
-0.3710406422615051
-0.12537215650081635
-9.578398074694405e-10
-0.07928867638111115
-0.0024128039367496967
-0.3872794806957245
-1.348088264465332
-1.6030293703079224
-8.158651788199963e-17
0.8017154932022095
-0.5571712255477905
0.6864638924598694
-1.106310248374939
-0.4176751971244812
-0.02094242163002491
-0.02228705585002899
-1.7101304531097412
-0.6454659104347229
-0.6272921562194824
-0.4248219430446625
0.24497781693935394
-0.7617743015289307
-2.73666604378971e-16
0.35916754603385925
1.1648427248001099
-7.295752002534073e-09
-1.833022117614746
-0.21544288098812103
-3.89541128242854e-05
0.11564058810472488
-0.004428601358085871
-0.14893516898155212
-1.8300162553787231
-1.991866838579881e-06
-1.1015900373458862
-5.902431894355686e-06
-2.250560760498047
-0.007598527241498232
-0.3808579444885254
-0.5601131319999695
-0.27046382427215576
-2.9169795513153076
1.0307531114034057e-40
-0.16866245865821838
-0.05712096393108368
-0.6768794059753418
-0.602982759475708
-0.06170082464814186
-2.73876953125
-0.9849444031715393
-0.364902138710022
-1.7758194208145142
-0.0672808587551117
2.9845975731961414e-40
-1.4194090366363525
-0.6028091907501221
-1.9619114398956299
-0.8021425604820251
-0.1700509935617447
0.41030874848365784
5.808945962983924e-29
-1.910181999206543
-0.2247924953699112
-0.2831142544746399
-0.12891525030136108
-0.4114590883255005
-0.009460179135203362
-0.322641521692276
-0.21658548712730408
-0.9875215888023376
1.0388457775115967
-1.895058035850525
-3.065406062319198e-08
-0.6335030198097229
-0.5364503860473633
-0.4826382100582123
-0.08808174729347229
-0.763591468334198
0.011306006461381912
-0.15727001428604126
-1.026044249534607
-0.342206209897995
-0.5302289128303528
-1.8615154027938843
0.09409535676240921
-0.4311867654323578
-4.96236502303351e-25
-0.6832802295684814
-3.1920855045318604
-0.0034571299329400063
0.7421866655349731
-0.27517902851104736
-0.012577573768794537
0.15164093673229218
-0.16751007735729218
-0.1324676275253296
-1.742148995399475
-0.035572465509176254
-0.0006891273660585284
-1.0126116905965293e-27
-0.28731390833854675
-4.479670523416246e-10
-0.05860475078225136
1.8456502073622166e-41
-0.011436671949923038
0.27407702803611755
-5.483342230305843e-18
-1.6727423800375016e-35
-1.9508386017719204e-09
-6.419731653295457e-05
-0.28678229451179504
-0.1527950018644333
0.0024658481124788523
0.09174437820911407
0.00015755914500914514
0.00017807963013183326
-2.0609024469625536e-12
-3.809429875267015e-41
0.04466675966978073
-0.010285218246281147
0.0008370786090381444
-0.08841545134782791
-0.173884317278862
-0.26681292057037354
9.166271605733996e-40
0.055086974054574966
-0.15200617909431458
-0.058913346379995346
-0.035110507160425186
-6.266640411922708e-05
-1.2586432898684705e-26
-7.651276246178895e-05
-0.0030132310930639505
-3.5754550706787005e-40
0.024114049971103668
-0.09407557547092438
-9.822219416884443e-40
-0.07390426844358444
0.005009764805436134
-0.012007759883999825
0.12910102307796478
0.015187786892056465
0.026421954855322838
-0.00022382567112799734
-0.17132990062236786
-0.030024508014321327
-0.26154205203056335
-0.011768785305321217
-0.022509170696139336
-0.07129166275262833
7.217247610658538e-41
-0.000680835684761405
-0.006642297375947237
6.972580898787425e-40
-0.16755610704421997
-0.06643684208393097
-1.5400011936637165e-25
0.6649618148803711
-0.2793552875518799
-2.8573567760759033e-05
-0.062384940683841705
-1.9360786585043144e-10
2.4476662445161942e-39
-1.254996004718123e-05
-0.034935589879751205
-8.776791946729645e-05
-0.6654003858566284
-8.158443737206944e-40
-0.28096434473991394
1.6451166868209839
-0.07954824715852737
-0.006820602808147669
-2.229005779952331e-08
-0.19613926112651825
-0.6797675490379333
-0.2960461676120758
2.4736902713775635
-0.7770236134529114
-0.10060704499483109
-1.4153212580573155e-39
-0.00962349958717823
-2.4917072918173187e-15
-0.3826504349708557
-0.055641233921051025
-3.581411990450545e-39
-1.674322485923767
0.0492640882730484
-1.1107580661773682
-1.7503649571426472e-11
-6.849189283456193e-26
-0.2699173092842102
-0.31260254979133606
0.16836392879486084
0.06253311783075333
-2.9570458082162077e-08
-0.332897812128067
-0.11141249537467957
1.5654087313772894e-39
-0.3923909068107605
2.03890061378479
-1.7229932555034612e-14
-0.3320743143558502
-0.25913113355636597
-0.225452721118927
-0.21407896280288696
-0.8198665976524353
-0.14683841168880463
0.01824204996228218
-0.00814791303128004
0.2697921097278595
-0.0638958141207695
0.07166673988103867
0.5804600119590759
-0.31438618898391724
-7.8391941062363915e-16
-0.22690324485301971
1.650438120894055e-39
-0.00036793670733459294
-0.2925409972667694
-0.25478750467300415
-0.00017930203466676176
0.6383920311927795
-0.18568412959575653
-0.12849566340446472
2.531113624572754
-0.010354259051382542
-0.2294071912765503
-3.221052247681655e-05
-0.5696407556533813
-0.002489600097760558
0.1313830316066742
-0.9269328117370605
-0.3456141948699951
-1.229866862297058
-4.004441507277079e-06
-0.021418293938040733
-0.040194831788539886
-1.5376783609390259
-0.5085254907608032
-0.24800452589988708
-0.9180530905723572
-0.7160243988037109
0.3739367723464966
-1.117215871810913
-0.04903923347592354
-4.68483284392536e-14
-1.1414861679077148
-1.353000521659851
-4.170957565307617
-0.5957680344581604
-0.2980233132839203
-0.674368143081665
-2.06649289829575e-14
0.1358223259449005
-0.24920690059661865
-0.38969266414642334
-0.6363881230354309
-0.3136257529258728
-0.009825412184000015
-0.3084467649459839
-0.1093374639749527
-0.0830368846654892
-1.722596287727356
0.011613495647907257
-9.746558594925236e-12
-0.8811545372009277
-0.11856985092163086
-0.704177737236023
-0.20943818986415863
-0.9769928455352783
-0.11058875173330307
-0.2186099737882614
-1.3140743970870972
0.046006180346012115
-1.359358310699463
-1.1190885305404663
-0.4786524176597595
-0.3159085512161255
-1.0054729423681664e-26
-0.5067991614341736
-1.4182995557785034
-0.011425930075347424
-0.7808129787445068
-0.27533403038978577
-0.0028395166154950857
0.002838376211002469
-0.017035363242030144
-0.0009984070202335715
-0.7214968204498291
-0.038353290408849716
-0.15945641696453094
-2.456633190961156e-26
2.59593343113101e-39
-2.5783538148971274e-06
-0.5233797430992126
-0.604143500328064
-0.16200755536556244
-0.3937782049179077
-0.029418500140309334
-0.00020898663206025958
-1.9089684428763576e-06
-0.25088050961494446
2.623090595369625e-41
-0.22395268082618713
-0.03339632228016853
-1.4271858930587769
0.008708086796104908
-0.06880097091197968
-9.840497659752145e-05
7.540387036531841e-41
-0.3285638689994812
1.1230132009960873e-39
-0.34526753425598145
-0.14415009319782257
-0.1824585348367691
-0.36357489228248596
-3.7338998880399076e-41
-0.34344783425331116
-0.21133655309677124
-0.029810965061187744
-0.1459079533815384
-0.15476687252521515
-8.002161127705751e-16
-0.050752248615026474
-3.397587988729356e-08
-0.19134768843650818
-0.1572534143924713
-0.9043756723403931
-1.8975302763778579e-34
-1.685610294342041
0.001736564445309341
0.15933863818645477
-0.3536716103553772
-0.31641966104507446
0.3609810173511505
-9.422259608982131e-05
0.17220233380794525
-1.984933669522246e-39
-0.006354033015668392
0.6782814860343933
-0.2549889385700226
0.07328696548938751
4.155928685921519e-33
-0.43384239077568054
0.7170771956443787
3.0649451790204553e-32
-0.36576539278030396
-0.16764098405838013
-2.898926237948629e-11
-1.6397756338119507
0.45912423729896545
-0.04270400479435921
0.026281913742423058
-2.0637774866827385e-07
-0.0015716446796432137
-7.196808292064816e-05
0.5026782155036926
-0.002442586235702038
-1.87117600440979
-0.6719617247581482
-0.2469455748796463
1.223397970199585
-0.08087439090013504
-0.3189263939857483
-0.006853810045868158
-0.01135074719786644
0.26376914978027344
-0.2994500398635864
-0.2380116730928421
0.32320287823677063
-0.19208185374736786
-0.7648863196372986
-0.039051201194524765
-4.174989347294211e-12
-0.010957236401736736
-1.0919687747955322
-0.4017127752304077
-1.0153636932373047
-0.22973737120628357
-1.210429310798645
2.243781736058621e-31
-5.063651084899902
-0.26561611890792847
-0.19469554722309113
-0.5620453357696533
-0.20346185564994812
-0.0009364133002236485
-0.30574464797973633
-0.1466517150402069
0.1406923085451126
0.15459616482257843
0.12954987585544586
-1.1726508436157856e-13
-0.714239239692688
-0.6812931895256042
-0.2808953523635864
-0.5729348063468933
0.1288030445575714
-0.11494795233011246
-0.08874458074569702
0.47011223435401917
-0.27898797392845154
-0.4393717050552368
-0.7481940388679504
0.18193000555038452
0.02639860287308693
-2.656434702522701e-19
-0.5266663432121277
-0.3786253333091736
-6.89738190443855e-31
2.3110214273644883e-41
-0.26388996839523315
-9.104283526539803e-05
-0.0829918161034584
-0.27206864953041077
-0.1410147249698639
-0.7678435444831848
-0.03373333066701889
-2.40246844291687
-1.9862891331712262e-09
-1.777077555656433
-0.003999978769570589
-1.0070924758911133
0.07469694316387177
-0.26808810234069824
-1.0519262552261353
-0.05053321644663811
-0.0015485507901757956
-0.008507460355758667
-0.3014615774154663
-0.03245628997683525
-0.27847620844841003
-4.203929901123047
-0.9158995747566223
-0.14484228193759918
-0.6854915022850037
-0.05532876029610634
-1.1777913592650087e-40
-0.7296026349067688
-1.4010931253433228
-0.6901131868362427
1.064701795578003
-0.22076226770877838
-0.26659634709358215
-5.996918730488687e-07
-1.2752643823623657
-0.24779632687568665
-0.5420729517936707
-0.41600003838539124
-0.26154735684394836
-0.012640722095966339
-0.15790963172912598
-0.15422305464744568
-1.0400713682174683
0.12832008302211761
-0.00858632568269968
-1.3537778897898534e-07
-2.6441845893859863
-0.7956326603889465
-2.656202554702759
0.7485244870185852
-0.8981513977050781
-0.11599452793598175
-0.18430130183696747
-0.00973601546138525
-0.18228816986083984
0.6033715009689331
-0.7020165920257568
-0.3692873418331146
0.08760172128677368
-6.234728445325688e-12
-0.9263141751289368
-0.1773909032344818
-9.68138806456409e-07
-2.848238229751587
-0.2562350034713745
-0.0036100391298532486
1.2421116828918457
-0.3721705973148346
-0.1128925010561943
-2.090420722961426
-0.04279882833361626
0.3823755979537964
-1.9929203176616284e-07
1.1240795891274385e-39
-1.083344841390499e-06
-0.7152695655822754
-0.009342764504253864
-0.22797097265720367
-0.11740938574075699
-0.0008243724005296826
-2.9655000243627994e-12
-1.6366702766390517e-05
3.5254707544562343e-40
4.992406038850026e-40
-0.2638954520225525
-0.04027251899242401
-0.1531706601381302
-0.023965924978256226
-0.28202810883522034
-3.45351618307177e-05
-2.0646171053976125e-40
-0.7146932482719421
-2.032401253702785e-40
-1.115530014038086
-0.26409244537353516
-0.29091212153434753
-0.9866079092025757
1.0619331232734043e-38
0.0185131523758173
-0.2625626027584076
-0.24872419238090515
-0.002943748841062188
-0.09265448153018951
-3.1702976832290175e-13
-0.24311240017414093
-0.11655821651220322
1.0207639932632446
0.4278861880302429
0.08689901232719421
-4.200448198752212e-40
-1.9690990447998047
-0.0020973251666873693
-0.11429044604301453
0.1654231697320938
-0.3526657223701477
0.14087995886802673
4.407575033837929e-06
-0.5809140205383301
0.0029150857590138912
0.76496422290802
-0.10850019752979279
-0.26396074891090393
-0.04387110099196434
4.686334428272199e-40
-0.11994393169879913
-0.000502615817822516
-6.869623758731791e-10
0.29450973868370056
-0.23075257241725922
-1.7757761983149076e-15
-0.7184283137321472
1.1892465353012085
-0.07017132639884949
0.1044488474726677
-0.0012048125499859452
-0.3585359752178192
-0.005987000185996294
-1.9580326080322266
-0.013437828049063683
-0.75507652759552
-0.9802097082138062
-0.2796722650527954
-0.8185886144638062
-0.10417468845844269
-0.009840068407356739
-0.002942995633929968
-0.8399364352226257
-0.10668296366930008
-0.2772519886493683
-0.15567520260810852
0.5159963369369507
-0.27574676275253296
-0.5028171539306641
-0.06304696202278137
-2.8863637467147863e-21
0.21889612078666687
0.5908610224723816
-1.0187233686447144
-0.25510841608047485
-0.3404654860496521
0.40969282388687134
-2.348788497030796e-09
-1.0654006004333496
-0.2720445990562439
-0.17457515001296997
-0.31580889225006104
-0.26102757453918457
-3.530466710799374e-05
-0.25999966263771057
-0.22071212530136108
-2.330845594406128
-0.10865987837314606
-4.0171895027160645
-3.3155162643128122e-12
-2.878845691680908
0.4223863184452057
-1.9513230323791504
0.22108638286590576
0.7800430059432983
0.22126498818397522
-0.08554500341415405
-0.47404298186302185
-0.5266013145446777
-0.34307149052619934
-0.9327759146690369
0.529174268245697
-0.31934821605682373
-2.005770379503488e-17
-1.7759108543395996
-0.5376543998718262
5.123945925696196e-40
-0.646631121635437
-0.27516382932662964
-1.8696748156799003e-05
-0.2111344039440155
-0.5416262745857239
-0.19782158732414246
0.9324721693992615
-0.056358061730861664
-0.3844934105873108
-0.0009365094592794776
-0.08443781733512878
-0.0014443305553868413
-1.090854525566101
-0.5373051762580872
-0.2504139840602875
-1.7041457891464233
-0.05983356013894081
-0.0009077906142920256
-0.0015642136568203568
-0.6104224324226379
-0.37682175636291504
-0.28960487246513367
-1.368789553642273
-1.0271594524383545
-0.21950873732566833
-0.12723049521446228
-0.032503362745046616
4.5306781948549986e-40
-0.5137209892272949
0.0714566558599472
-0.137410506606102
1.0068882703781128
-0.3135131299495697
-0.2524299919605255
-8.674960838561674e-08
-2.8761384550032854e-13
-0.2656911611557007
-0.1786307692527771
-0.15179745852947235
-0.4140602946281433
-1.763658474374097e-05
-0.13915404677391052
-0.13733910024166107
0.17992553114891052
-0.6036660671234131
-0.210741326212883
-4.9077597183682514e-15
2.4369986057281494
-0.0002501945709809661
-0.22773605585098267
-0.5401985049247742
-0.6286631226539612
0.15061691403388977
-0.11151418089866638
-0.5598069429397583
-0.00012434780364856124
-0.624244213104248
-0.6556249260902405
-0.5041223168373108
-0.10651928931474686
-4.8044628763848e-28
-0.44137105345726013
-0.744749128818512
-0.0003371174680069089
0.26778289675712585
-0.27575433254241943
-0.0002111955254804343
-0.9175666570663452
-0.18850217759609222
-0.16219393908977509
0.2823604345321655
-0.026088519021868706
1.1089082956314087
-5.885066457267385e-06
-0.1421077400445938
-0.0023236232809722424
0.04338058456778526
1.1909327507019043
-0.2493734359741211
1.2844618558883667
-0.06583055853843689
-0.00014292281412053853
-0.0029320360627025366
-0.2694621682167053
0.2298407256603241
-0.2672593295574188
1.6537668704986572
-0.20137730240821838
0.1442423015832901
0.5538775324821472
-0.01836014911532402
-2.8912150435335356e-40
-0.4100393056869507
-0.81813645362854
0.7691378593444824
-1.4683889150619507
-0.48367998003959656
-0.28700774908065796
-2.9497329023797647e-09
-0.11622173339128494
-0.28931140899658203
-0.5863152146339417
-0.31644776463508606
-0.09144842624664307
-3.3411737265787167e-10
-0.09316162765026093
-0.08283619582653046
0.6219939589500427
0.5358660221099854
-0.8512479066848755
1.3457821596841061e-25
0.02203776314854622
-1.0979968309402466
0.5554381608963013
-0.39093515276908875
-0.5216625928878784
-0.15968407690525055
-0.02818894572556019
-0.11454754322767258
-1.5884820222854614
-0.20501933991909027
1.000942349433899
-0.4835600256919861
0.9112286567687988
-5.133817681013795e-36
-0.5700163841247559
1.819862723350525
-5.8189857920407535e-21
1.8173162937164307
-0.23797480762004852
-1.2660289883115183e-07
1.3422110080718994
-0.3704141676425934
-0.14756350219249725
-0.3658035695552826
-0.01224006712436676
-0.5125412940979004
-3.090376878844836e-07
0.06740961968898773
-0.0012235132744535804
-1.4263484477996826
-0.46866273880004883
-0.28135377168655396
-1.8591153621673584
-0.07055015861988068
-0.00026872113812714815
-0.01593410223722458
-0.742919921875
-0.2745400667190552
-0.2692854404449463
-0.08659165352582932
-0.9342707991600037
-0.3042270839214325
-0.8893653154373169
-0.019816774874925613
3.440131677978853e-40
-0.09200991690158844
-2.375333309173584
-1.5697872638702393
0.2780682444572449
-0.20724111795425415
-0.34682729840278625
-7.18255899201381e-10
-1.0460693836212158
-0.2669954001903534
-0.24495777487754822
-0.2732641100883484
-0.21460114419460297
-7.504784662160091e-06
-0.044282931834459305
-0.08138598501682281
-3.5852227210998535
-0.8210334777832031
-7.539153893883235e-40
-8.815759773227721e-21
1.0954703092575073
0.07062306255102158
-2.218109369277954
-0.9325089454650879
-0.13739226758480072
-0.11699863523244858
-0.10977088660001755
-0.8938143849372864
-0.47646158933639526
-0.5149679183959961
0.45227938890457153
0.6657560467720032
-0.30176711082458496
-1.2648912876397602e-23
-0.29576969146728516
-0.3505362868309021
2.464386069345571e-22
-0.3482181131839752
-0.24571973085403442
-6.998815251790802e-07
-0.3666260838508606
-0.9375200271606445
-0.12548190355300903
-1.638824701309204
-0.007761693559587002
-0.23731616139411926
-3.195044700987637e-05
-0.46290647983551025
-0.00021394526993390173
0.5033200979232788
-0.0018212858121842146
-0.23325233161449432
0.3910250663757324
-0.01286500133574009
3.2544704708925565e-07
-0.0011549500050023198
-0.01978691853582859
0.7526386976242065
-0.2585636377334595
-0.6112058162689209
0.242080956697464
-0.027321232482790947
-0.11568628996610641
-0.024837952107191086
1.1195393821030261e-40
0.25197833776474
-0.1119232103228569
-0.28239762783050537
0.5274267792701721
-0.22389154136180878
0.1480591744184494
-9.029492825498765e-24
-0.6955606937408447
-0.26039445400238037
-0.18042229115962982
-0.0057701957412064075
-0.32501477003097534
-5.281619087327272e-05
-0.21090346574783325
-0.09644483774900436
-0.00038966216379776597
-0.28160521388053894
-0.9178048372268677
-3.0887128446129516e-27
0.13401353359222412
-0.001006574952043593
-1.0287948846817017
-0.18186187744140625
0.9482300281524658
-0.1816144734621048
-0.09645000100135803
0.3980439007282257
-1.0074006240756717e-05
-0.34755098819732666
0.08579111099243164
0.06481979787349701
-0.03982745483517647
2.1412653287992513e-39
-0.8062905073165894
-1.6561693882977124e-06
-5.207861977396533e-05
-0.7355048656463623
-0.24044281244277954
-4.925304438074818e-06
-0.7945528030395508
-0.12973326444625854
-0.138199582695961
-0.6189404726028442
-0.011976314708590508
-3.103058099746704
-0.01397037599235773
-1.4307109117507935
-0.03506481274962425
-0.5629324316978455
-0.25615832209587097
-0.27898651361465454
-1.1655217409133911
-0.07709552347660065
-0.05817617475986481
-0.04902401939034462
1.5157985618447979e-40
-2.2069170475006104
-0.31684067845344543
9.153617880601143e-37
0.18807192146778107
-0.13866335153579712
-0.3199249505996704
-0.08936163038015366
6.163331035639843e-40
-3.534306233632378e-05
-0.06831573694944382
0.7854716181755066
-0.3230559825897217
-0.2898802161216736
-0.3832824230194092
-9.651522636655585e-12
-2.084758996963501
-0.26963740587234497
-0.2856135666370392
6.593777862171563e-37
-0.25758764147758484
-0.004347031004726887
-0.12910787761211395
-0.23637761175632477
-3.308404439295032e-09
-0.2423379272222519
-3.140685796737671
-8.727284030845863e-18
-1.2453670501708984
-0.10668343305587769
-3.1099205017089844
-0.18307192623615265
-0.3367511034011841
0.031144417822360992
-0.0580904558300972
-0.33283481001853943
-0.010547442361712456
-0.30226340889930725
-0.028800155967473984
-0.3102409541606903
-0.25226473808288574
-7.237373027269012e-12
-0.1366538405418396
-0.1795692890882492
-0.013439832255244255
-0.8423246145248413
-0.2755564749240875
-0.0021464701276272535
-0.5148906111717224
0.1801464557647705
-0.25783535838127136
8.655442263549027e-40
-0.08470957726240158
0.6668860912322998
-3.2891703085624613e-06
-0.09626834839582443
-0.0025763188023120165
-0.38136404752731323
-0.008315295912325382
-0.2815650701522827
-2.6973445415496826
-0.03762811794877052
-0.17928850650787354
-0.014033366926014423
0.8045291304588318
-1.2373358011245728
-0.24728858470916748
-0.8053924441337585
-0.3155609965324402
-0.21496687829494476
1.3046897649765015
-0.04351083189249039
1.742963055896494e-40
0.9293240904808044
-1.1246322393417358
1.5561612844467163
-0.05192989483475685
-0.267566055059433
0.04268738999962807
-1.16053174015196e-12
0.39426276087760925
-0.2603028118610382
-0.26654303073883057
0.03622899949550629
-0.2229250967502594
-0.00032422455842606723
-0.3022077679634094
-0.11644149571657181
-0.7069140076637268
-0.7880830764770508
-1.831990122795105
-5.447277486470776e-17
-0.8097463250160217
0.0072333794087171555
0.20065444707870483
-0.2922080159187317
1.269426703453064
0.10671909898519516
-0.05288155376911163
-0.6760489344596863
-0.3845052421092987
0.14296729862689972
-0.12596085667610168
-0.9010555744171143
-0.3789474666118622
-3.348685613556079e-21
-0.23695574700832367
-0.6581308245658875
-1.636192159537586e-08
-0.7119150757789612
-0.2515847086906433
-1.0157132237509359e-05
-0.3644014000892639
-0.33330243825912476
-0.1584610790014267
-0.9781232476234436
-0.019960615783929825
-0.007365462835878134
7.448433831302846e-40
-0.2880229949951172
1.0273711341946365e-33
-0.055200282484292984
1.9178521107365528e-39
-0.3028451204299927
-0.11786485463380814
1.3967862832696912e-39
-6.248722025925524e-12
-1.2219085465670076e-10
-1.807471830701687e-39
5.4729658586438745e-05
1.0062414190770141e-07
-0.006065089255571365
-0.013801430352032185
0.00441492535173893
5.29333488406378e-40
-7.507725552358124e-10
-6.068421090651123e-40
-4.195679177351752e-13
4.830317845481574e-40
-0.16733282804489136
3.727075564518646e-40
0.0018331994069740176
-0.018445566296577454
-6.66725197639569e-40
-0.3665633797645569
-0.16262301802635193
-0.1824757158756256
-0.30251166224479675
-0.00028410443337634206
-4.820078106080584e-19
-0.1849520057439804
-2.26671241469062e-28
1.3009192514298374e-39
-9.746693763190706e-08
-0.007952932268381119
2.442168950640648e-40
0.3304148018360138
3.215750162677306e-39
-3.276855183512654e-39
-0.10506138205528259
2.717131337703904e-06
-0.9881873726844788
-5.625955600407906e-05
-0.47721606492996216
-1.0799877329474581e-39
-1.4090659194998523e-11
-4.204355263937032e-07
-0.007432799320667982
-0.2621535658836365
-2.9988207526090383e-40
-1.0633543201759226e-39
3.117013271582515e-39
-4.3270159983872654e-38
-0.16456864774227142
-0.10745297372341156
-3.3923967995914643e-34
-0.012607141397893429
-0.23665004968643188
-8.377880294574425e-05
-0.001032021245919168
-8.727063125976708e-14
-2.202519178390503
-0.004665241111069918
1.2632759809494019
-0.03629588708281517
-0.3478899598121643
-0.13950030505657196
-0.2804403603076935
-1.1988959312438965
-0.203005850315094
-0.3039761185646057
-0.054426390677690506
-1.5082423686981201
0.19909125566482544
-0.2711496949195862
-2.7193174362182617
-1.6779823303222656
-0.1060207411646843
-0.6345791220664978
-0.12132953852415085
-4.787816463058602e-41
-0.828746497631073
-2.579813003540039
-4.814061164855957
-0.26369598507881165
-0.1991725116968155
0.0274916123598814
-9.00893792277202e-05
-2.6103878021240234
-0.27274617552757263
-0.2952297031879425
-0.662369430065155
-0.18425747752189636
-0.011521757580339909
-0.39221125841140747
-0.13231219351291656
-2.816091537475586
-1.045040488243103
-0.44759729504585266
-7.619142365911102e-07
-0.7057575583457947
0.020369093865156174
-1.4822429418563843
-0.2737549841403961
-1.4826891422271729
0.04187171533703804
-0.2839444875717163
-1.6331855058670044
0.11891845613718033
-0.5610553026199341
0.0020227108616381884
-0.46345651149749756
-0.24970971047878265
-2.2936340826618107e-07
-0.11438293755054474
-1.3457796740112826e-05
-0.0026155768427997828
-9.291339364558837e-10
-0.2928614318370819
-0.019437648355960846
0.024345174431800842
-0.19615209102630615
-0.21796514093875885
-3.066080093383789
-0.07233277708292007
-1.0988454818725586
-0.0010208410676568747
-0.5828437209129333
-0.003531665774062276
-0.8467440009117126
0.20420795679092407
-0.24839717149734497
-0.2708022892475128
-0.039691511541604996
-2.9905537303420715e-05
-0.012586413882672787
-0.9520217776298523
0.29884880781173706
-0.31271326541900635
-0.5305105447769165
0.7159290313720703
-0.08327242732048035
-1.00225830078125
-0.030203253030776978
-9.021613608821707e-26
-0.13237877190113068
-1.8823438882827759
0.029638858512043953
-0.31435972452163696
-0.2801142930984497
-0.03840424120426178
-1.774474901598041e-14
-1.357509732246399
-0.2736967206001282
-0.021395666524767876
-0.010812810622155666
-0.054073359817266464
-1.447254902586792e-07
-0.12424486130475998
-0.19356223940849304
-1.0268985033035278
0.6307515501976013
-0.5765392780303955
-3.1941897845052043e-40
-0.3568863868713379
0.1491052508354187
-1.2816591262817383
0.3111439347267151
-0.3862754702568054
-0.2454855591058731
-0.022635184228420258
0.48509329557418823
-0.36162295937538147
6.067440181726096e-40
0.15384162962436676
1.7454415559768677
-0.23163489997386932
9.56083494528463e-36
-0.03037997893989086
-0.8289688229560852
-0.00017688277876004577
-0.7734485268592834
-0.26297515630722046
-8.832810635794885e-06
0.49084150791168213
-0.052215397357940674
-0.18972735106945038
-1.7170495986938477
-0.029563095420598984
-0.19087719917297363
-0.0012883823364973068
-0.01503306906670332
-0.00011875158816110343
-0.011462226510047913
-1.6393778423662297e-07
-0.23752650618553162
-1.4354127645492554
-0.002521359594538808
-0.15412627160549164
-0.0004812177212443203
3.0187177895039864e-39
-0.09627778083086014
-0.28729575872421265
-0.5145318508148193
-0.13348500430583954
-0.0040057566948235035
-9.311558230515193e-40
-0.02955208718776703
-9.156000087990495e-40
3.476946569479143e-28
-3.645484961433333e-39
-0.2895738184452057
-0.27173152565956116
-0.2501077950000763
0.520460844039917
-3.3988312457504353e-26
-9.06153855851036e-40
-0.26128995418548584
-0.1388522833585739
-0.18183784186840057
-0.016239963471889496
-1.8458681552147027e-06
-0.2872297465801239
-0.09183134883642197
7.829152611075256e-40
0.4247351586818695
-0.043558284640312195
-1.2603418517983837e-40
-1.1503665447235107
-6.846800348629629e-40
1.6723376132945232e-40
-0.18353526294231415
-0.11265551298856735
-0.5917741656303406
-0.0008962963474914432
-1.1351590156555176
2.1922259146878176e-11
-0.20248889923095703
4.304735633064194e-39
-0.3154315650463104
0.0014073778875172138
-1.8522679682794492e-36
-0.0050905668176710606
-3.540614841313072e-07
-0.0008579451241530478
-1.220009446144104
-0.23365890979766846
-8.690410140843596e-06
0.2254885882139206
-0.41154223680496216
-0.13950873911380768
-0.6776741147041321
-0.02578466385602951
-2.8381736278533936
-7.818542688275976e-12
-0.891376256942749
-4.612334070230872e-09
-1.1506800651550293
-0.565047562122345
-0.16452236473560333
-0.02049572765827179
-0.02748216688632965
-4.507813571308361e-07
-8.409987799495866e-07
-0.7256520390510559
0.0018167777452617884
-0.1981835812330246
0.9435737729072571
-0.7387570142745972
0.1494496464729309
-1.2955632209777832
-2.441799438201997e-07
-4.3495301761328764e-13
-0.045889902859926224
0.7668397426605225
-1.0099549293518066
-0.13914325833320618
-0.22506733238697052
0.2742890417575836
-0.001286263344809413
-4.297534465789795
-0.2708359956741333
0.0035006471443921328
-0.043114256113767624
-0.06526559591293335
-1.6870668612654384e-14
-0.2782626748085022
-0.02433588355779648
-1.4723316431045532
0.21543532609939575
-0.014830784872174263
-6.814808704689094e-40
0.47051799297332764
1.0208110809326172
-1.9739103317260742
0.17203843593597412
-1.6939247846603394
-0.12832187116146088
-0.0980982556939125
0.24750594794750214
-0.42728540301322937
0.058976929634809494
-0.8565570712089539
0.33702194690704346
-0.3499607443809509
-3.1680212643591398e-37
0.02649764157831669
-0.7705900073051453
-0.0026210465002804995
-0.6172018647193909
-0.04605524614453316
-4.705154599271566e-10
0.12735995650291443
-0.48680660128593445
-0.08168245851993561
1.6539101600646973
-2.878893428714946e-05
-0.47577911615371704
-2.7553955078474246e-05
-0.29423844814300537
-0.003165978007018566
-0.5616778135299683
-1.5645740032196045
-0.3260706067085266
-0.3503302335739136
-0.07231684029102325
-0.0028080614283680916
-0.0033474310766905546
-1.3691507577896118
0.2153121829032898
-0.2156815528869629
-2.107077121734619
-1.3336031436920166
-0.3359249234199524
-1.7877092361450195
-0.04409201070666313
-1.3296391169082683e-14
0.2412082701921463
0.4858812391757965
-0.9420585632324219
-0.3690885901451111
-0.4008762836456299
-0.7496368288993835
-3.1876590803796637e-14
-0.5390762090682983
-0.25434496998786926
-0.4668758809566498
-0.28503870964050293
-0.28344830870628357
-0.0007201181724667549
-0.2096792310476303
-0.08028534054756165
-0.490519255399704
-0.8509761095046997
0.528140664100647
-5.5734111770178174e-11
-0.7920183539390564
-1.0698753595352173
-1.4995943307876587
-1.0746983289718628
0.11324512213468552
0.13517090678215027
-0.12630343437194824
-0.6511781215667725
-0.6246766448020935
-0.9752005338668823
-1.0727639198303223
-3.2003703117370605
-0.24562665820121765
-1.1654305145448237e-16
-0.6529620289802551
-0.8210462331771851
-4.555238047032617e-05
-1.076910376548767
-0.267733097076416
-0.0007319283904507756
-1.8186417818069458
0.5840687155723572
-0.1512632966041565
0.11522336304187775
-0.02469799853861332
-0.23579460382461548
-8.4224360762164e-05
-1.3118603229522705
-8.982761210063472e-05
1.6975654363632202
-0.2151833027601242
-0.23104557394981384
1.6533571481704712
-0.09778193384408951
-0.006135858595371246
-0.00047820250620134175
1.6763883829116821
0.21752957999706268
-0.2854926884174347
0.48062312602996826
-0.1634824126958847
-0.0015651187859475613
-0.16985097527503967
-0.010432018898427486
1.0252011668877508e-39
-0.3446519672870636
0.32287266850471497
-1.9806318043991133e-12
-0.6007736325263977
0.1584455668926239
-0.1817365288734436
-6.007828945053718e-40
2.7737161672998997e-40
-0.26093316078186035
-0.09586600214242935
-0.11613807827234268
0.13983219861984253
-4.090993499517026e-08
-0.30353233218193054
-0.036471880972385406
0.7652708292007446
-0.3949500620365143
-0.2660790681838989
-1.464836445105048e-17
-0.5342527031898499
-0.11518311500549316
-2.0501186099863844e-06
-0.5271893739700317
-0.14209778606891632
0.032867833971977234
0.0005013160407543182
-0.37314578890800476
-0.04963114112615585
-9.006887918401691e-40
-0.101072758436203
-1.7546807527542114
-0.07444646954536438
-3.8085933192060707e-17
-0.21456006169319153
-0.015919839963316917
-3.2445668693981133e-06
3.8492547776231265e-40
-0.2580476701259613
-8.511724445270374e-05
0.07635856419801712
0.2791486978530884
-0.11990483850240707
1.7011326551437378
-0.010168474167585373
0.215068981051445
-0.0014493882190436125
0.5678788423538208
-0.008669736795127392
-1.7330706119537354
-0.4014531373977661
-0.2823832035064697
-2.324380874633789
-0.0018884961027652025
-0.18169018626213074
-0.03257203474640846
-0.792938768863678
-0.098800428211689
-0.28464528918266296
0.009726771153509617
0.17984475195407867
-0.10680655390024185
-0.1258542686700821
-0.08529408276081085
1.773735570173067e-40
-0.10393644124269485
0.028578074648976326
-1.3555575609207153
-0.4423827528953552
-0.38072293996810913
-1.0419416427612305
-1.0363644621300128e-13
-1.1820908784866333
-0.2646097242832184
-0.32871949672698975
-0.0040932586416602135
-0.3936538100242615
-0.009343639947474003
-0.2294842153787613
-0.11493507027626038
-2.0375776290893555
-2.060774564743042
-2.2545464038848877
-2.9677382773485306e-10
0.8578828573226929
-1.38102126121521
-0.25538215041160583
-0.6205001473426819
-0.47161930799484253
0.3231790363788605
-0.11623717844486237
-1.666992425918579
-0.022493695840239525
0.5663788914680481
-0.6673086285591125
-0.4277980625629425
-0.2764006555080414
-1.9545176070052123e-17
-0.08540855348110199
0.7480937242507935
-0.029579997062683105
-0.45327234268188477
-0.2834177613258362
-0.009105952456593513
-0.6539279818534851
0.17377322912216187
-0.19166070222854614
-0.34652620553970337
-0.0582442544400692
-0.11963189393281937
2.747021431554512e-40
-0.184752956032753
-1.737371875023838e-40
-0.36886948347091675
-0.1408652663230896
-0.04971543699502945
0.8581889867782593
-2.9480386688540477e-15
-0.003350747749209404
-7.150098181173299e-15
-0.8828651309013367
0.09193705767393112
0.0022179509978741407
-1.019175410270691
-0.0942423939704895
0.30407142639160156
-0.6328092813491821
-4.8147578724519816e-14
-6.6855529343397725e-40
-0.30276381969451904
-0.09057562798261642
-0.6443036794662476
-0.004986284766346216
-0.015861162915825844
0.7546941041946411
2.9800433531870857e-40
-0.22112466394901276
-0.14864623546600342
-0.13317540287971497
-0.0162985697388649
-0.09750612825155258
-1.0830734429130636e-23
-0.2879651188850403
-3.556549626567004e-33
-3.6536475265078013e-22
-0.3360470235347748
0.269645094871521
-8.285177170320481e-41
-0.9272473454475403
-0.35964712500572205
-0.11746259778738022
0.4161716401576996
-0.7912726402282715
-0.7815954685211182
-0.008447648957371712
0.5652912855148315
-0.11618521809577942
-0.16316528618335724
0.2994895279407501
-0.23242060840129852
9.811831841943786e-05
1.0705640007748737e-40
-0.8025442361831665
1.158215219718391e-40
-2.8883541745017283e-05
-0.4864759147167206
0.02300194837152958
-1.9959283729637098e-23
0.22534877061843872
-0.09969164431095123
-4.526162229012698e-05
-0.6213223338127136
-6.427615926011503e-41
-0.12664078176021576
-3.6123082064638823e-13
-0.28033334016799927
-3.210918197993351e-10
-0.6094710826873779
-0.011370332911610603
-0.15094514191150665
-0.16847862303256989
-9.27086958313339e-08
-8.536604312325835e-09
-1.1535284727415274e-08
-0.23236466944217682
-0.2710203528404236
-0.26557937264442444
-0.00023162332945503294
-0.013074807822704315
-1.3714845408685505e-05
-1.3122879858709047e-40
-0.0019306001486256719
2.675779417628238e-41
-0.11765387654304504
-0.10155069082975388
3.9682250172443035e-40
-0.3682672083377838
-0.03476754575967789
-0.26584962010383606
-8.25350782502674e-41
1.2305222204775516e-39
-0.25906649231910706
-0.1305333971977234
-0.141052708029747
-0.06453190743923187
-8.053924714646055e-12
-0.025320839136838913
-0.015767423436045647
-0.007322764955461025
0.11579370498657227
2.3795126924052924e-39
-3.9293810238132195e-40
-0.8092889785766602
-5.735906978051487e-40
-9.130636585786216e-40
-0.3090171813964844
-0.04210611432790756
-0.060322631150484085
-0.00011947476014029235
-0.23832640051841736
-4.519453794155757e-40
-0.2739465832710266
-0.004162309691309929
-0.030595803633332253
-0.016605937853455544
-5.8482911148903375e-40
-0.11812252551317215
0.24901489913463593
-5.949307160335593e-05
-0.20316413044929504
-0.22902803122997284
-3.4029554285552877e-07
-2.795715570449829
-0.7851672172546387
-0.09993010014295578
-0.08999880403280258
-0.00012856545799877495
0.013038113713264465
-1.0937866552155479e-13
-4.836823726424375e-24
-2.6195032713009535e-40
-0.019627051427960396
-0.06954361498355865
-0.13362668454647064
-0.28234994411468506
-1.2820364344787172e-12
1.9473687279069678e-31
-1.5399105770348297e-30
0.021151354536414146
-0.022878112271428108
-0.12421827763319016
0.2716924548149109
0.0012961627217009664
2.669234908911653e-17
8.109679594525687e-12
-4.705700373049168e-40
1.9576139546617694e-40
0.02654752880334854
-0.0007966057164594531
-0.3620951771736145
-0.10481883585453033
-0.0313834473490715
0.03853018209338188
-8.370950649321803e-40
-7.380223905784078e-06
-0.2162504345178604
-0.02883591130375862
-0.00036921908031217754
-0.00020601358846761286
-5.552028593562785e-40
-0.00219415663741529
-0.00938492827117443
-3.4516026147329263e-16
0.014236776158213615
-0.04929986223578453
-7.401238099024386e-41
-0.11548499017953873
-0.308060884475708
-0.0022191188763827085
-0.006592561956495047
-0.0934494137763977
-0.09242875128984451
1.6289534128390269e-40
0.017819205299019814
-6.965350198711509e-40
-0.2761920988559723
-0.03352075442671776
-0.19921422004699707
-0.0005894651403650641
9.522187402687856e-40
-2.0857036361121573e-05
8.02177518250628e-25
4.646565577854661e-40
0.005722512491047382
-0.17214743793010712
-6.705185125824963e-40
-0.32710784673690796
-0.15488643944263458
-1.2684206573965184e-08
0.1921112984418869
-1.2691202533332557e-09