5.574460983276367
0.13106748461723328
1.8554155826568604
0.2489587515592575
0.28925904631614685
1.032488226890564
-0.2322060912847519
0.7800300717353821
0.009618330746889114
-0.1588377058506012
0.02657310478389263
1.5203027725219727
0.6842182874679565
-0.18165898323059082
2.5822432041168213
0.8610836267471313
-0.10702353715896606
2.953859806060791
0.2546745538711548
1.7482366665433346e-09
0.44667986035346985
3.8090450763702393
3.868130683898926
1.5000685453414917
0.04501175507903099
0.23596297204494476
0.07922039180994034
2.5563015937805176
0.2743138074874878
-0.15763409435749054
0.04714837670326233
0.2127557396888733
0.23683425784111023
0.09858047962188721
0.1503586620092392
5.373199939727783
0.9254324436187744
2.208660840988159
-0.0012466226471588016
0.5778849720954895
0.7915204167366028
1.7089862823486328
-0.35715049505233765
0.6585622429847717
-0.043838635087013245
0.06970193982124329
0.4936206042766571
-1.1768383979797363
2.2393412590026855
-1.7373160123825073
3.3790299892425537
-0.24369272589683533
0.08550097048282623
0.8303099870681763
5.687294960021973
-0.0566597655415535
4.04941987991333
-0.28003624081611633
-0.23727481067180634
0.19709952175617218
-0.07013013958930969
0.2525450885295868
1.3638434410095215
0.25192439556121826