-0.7068732976913452
-0.42692843079566956
-0.38445204496383667
0.08470306545495987
0.3950117826461792
-0.06769613921642303
3.3951778411865234
-0.14485323429107666
-0.8381646871566772
-0.5570140480995178
-3.954627275466919
-3.628586769104004
1.7161115407943726
2.9769623279571533
-2.9780569076538086
-7.346489429473877
0.2177610844373703
-1.3193960189819336
-3.103468656539917
-1.3509615659713745
-2.080315113067627
-0.9815480709075928
0.30766433477401733
-0.36918020248413086
-0.4636985957622528
-0.6072139739990234
2.4480910301208496
-0.3330610394477844
-0.40966248512268066
-0.39016193151474
-0.8955099582672119
-0.16239282488822937
-11.982179641723633
3.8731467723846436
1.4711047410964966
-0.17211751639842987
-2.4109230041503906
-2.183216094970703
-0.04208927974104881
-0.5165327191352844
0.16609568893909454
2.105430841445923
-3.5015196800231934
2.503450393676758
-5.4351677894592285
-1.1435927152633667
0.5187608003616333
-2.249382972717285
-3.8478293418884277
-0.3895416259765625
1.2236855030059814
0.9856425523757935
0.590319812297821
0.539768397808075
1.1971219778060913
2.416595220565796
-0.563448429107666
0.3648642301559448
-0.692162811756134
-0.3577316701412201
0.5560840964317322
0.6562200784683228
-0.709574818611145
-0.7106174230575562
-2.1628665924072266
0.08130394667387009
-0.6783910989761353
-0.4295549690723419
-1.7274224758148193
-0.13786868751049042
0.15715138614177704
-0.008746514096856117
0.6152477860450745
-0.09183881431818008
0.07473396509885788
1.1782169342041016
-1.2585376501083374
0.09161865711212158
0.2778833508491516
1.444744348526001
0.7496825456619263
-0.14435428380966187
-0.5042040348052979
0.2936714291572571
0.21672073006629944
0.08912680298089981
-1.578698992729187
0.005142120644450188
-1.8799370527267456
0.05806334316730499
-3.571030378341675
0.22614885866641998
-0.06195741519331932
-0.4876258373260498
-0.09538495540618896
-2.2922239303588867
2.518742322921753
-0.1891743540763855
-2.565852165222168
-0.49161434173583984
0.8362104296684265
0.20879018306732178
0.37233322858810425
0.0316767618060112
-1.182719111442566
-2.0562241077423096
-0.9754050970077515
0.5896682143211365
0.9091089367866516
-1.6640336513519287
-0.06886286288499832
-1.2018227577209473
-4.493403434753418
0.041306789964437485
-0.5268814563751221
0.4280376732349396
-0.07611659169197083
-0.3082285225391388
0.8797860145568848
-2.8023786544799805
0.11604428291320801
-0.7827503085136414
-1.3769581317901611
-0.3981323838233948
0.30532902479171753
-0.5102769732475281
-1.2427372932434082
-0.6416836977005005
-0.10346754640340805
0.11482327431440353
0.8081218600273132
1.3816989660263062
2.672445774078369
0.35970160365104675
0.8978310227394104
-0.34445756673812866
-3.688001871109009
0.6692833304405212
1.4267666339874268
0.11546994000673294
0.6546606421470642
1.2550597190856934
-2.1708407402038574
1.6243553161621094
-3.0001533031463623
-0.29617810249328613
0.20533278584480286
0.46916255354881287
-2.4970145225524902
-0.12704607844352722
1.5677345991134644
0.113958939909935
-0.09163729846477509
0.25489699840545654
-0.1977718472480774
-0.3687373101711273
-0.13488410413265228
0.2130003422498703
0.7501112818717957
-0.2102109044790268
-3.533108949661255
2.986504077911377
-2.054410934448242
0.3456794321537018
0.6407098174095154
-2.4495365619659424
2.4138522148132324
0.2677917778491974
-1.4572722911834717
1.437516212463379
0.15257024765014648
-0.9786977767944336
-6.918694972991943
-0.12829330563545227
-2.3485050201416016
0.56862473487854
-0.2547511160373688
0.3799986243247986
1.2647507190704346
0.1712309718132019
-0.7543588876724243
-0.02404758892953396
-0.7985779047012329
0.3697132170200348
-0.16034738719463348
0.9844517707824707
-3.009788751602173
-0.6916072368621826
-1.7018473148345947
1.2343746423721313
0.1360057145357132
0.260733425617218
1.3586465120315552
-0.37405678629875183
0.16386334598064423
0.13177093863487244
-0.2837843894958496
-0.09756797552108765
-0.11150657385587692
-1.007908582687378
0.8573335409164429
0.07651679217815399
-0.3787632882595062
-0.060566287487745285
-0.769485592842102
1.1213574409484863
0.273873507976532
0.5118817090988159
0.7073149681091309
0.44751596450805664
-0.6924417614936829
0.23109781742095947
0.44813740253448486
0.07785393297672272
-0.3906259834766388
0.007780757732689381
-0.3359955847263336
-0.1244078204035759
-0.7644522786140442
-1.0439136028289795
0.19326774775981903
0.4523426294326782
-0.21913498640060425
0.49736151099205017
0.9009538292884827
0.3180355429649353
-0.5699799656867981
-0.5427553653717041
0.3112776577472687
-1.09787917137146
1.0800741910934448
0.16405721008777618
1.8216793537139893
0.6489090323448181
-0.38912561535835266
0.49398890137672424
0.6666195392608643
0.6858853101730347
-0.5527082085609436
-0.8538673520088196
-0.32349663972854614
-2.155561923980713
0.36066287755966187
-0.6486629247665405
1.7241942882537842
0.18615491688251495
1.251649022102356
-2.8016414642333984
0.9256664514541626
-0.06314650923013687
-0.13213767111301422
0.5637832880020142
-1.8742738962173462
1.0163518190383911
0.5573740005493164
0.017375776544213295
-0.03062312677502632
-0.44803810119628906
1.6533211469650269
2.28249454498291
-4.488156795501709
0.39431148767471313
-0.6428897976875305
0.9641594886779785
2.4655723571777344
3.0860228538513184
1.4656466245651245
0.7100949883460999
1.5244436264038086
-0.06394371390342712
-0.45208895206451416
-1.6188136339187622
0.6659461259841919
0.03943995013833046
2.5688395500183105
-0.2716129422187805
4.631059646606445
0.30584457516670227
-0.009400073438882828
0.35196539759635925
-0.848692774772644
-0.025662628933787346
4.818656921386719
-0.6996012330055237
-0.27836135029792786
0.6946987509727478
-0.06632012128829956
-0.25275862216949463
-2.336984872817993
-0.8318226933479309
-2.043870449066162
-1.5119377374649048
-0.4574676752090454
3.2278592586517334
5.510616779327393
0.06460599601268768
-3.050668716430664
-4.304815292358398
0.41043081879615784
0.20352475345134735
-2.5123462677001953
-2.580003023147583
2.361154794692993
1.9157594442367554
-0.09978926926851273
0.1418190598487854
1.7289841175079346
-0.38292157649993896
3.278308868408203
-0.041681405156850815
-0.5696516633033752
-0.32334885001182556
0.8351167440414429
-6.632841110229492
-1.8006099462509155
-0.9064103364944458
-1.1394826173782349
-0.31856125593185425
0.5482078790664673
-0.285795658826828
1.1995240449905396
-1.565650463104248
-2.272629499435425
0.4599032700061798
0.7388902902603149
-0.23979134857654572
-1.6225025653839111
-0.47933435440063477
2.3817198276519775
0.2334861159324646
-0.1727093607187271
-0.3888378441333771
0.9023228883743286
-0.5955432057380676
-0.5199206471443176
-0.5270426273345947
3.8859245777130127
-0.5343092083930969
0.569506049156189
-4.2440643310546875
-3.017850637435913
-0.8241932392120361
-0.23990151286125183
-0.27659836411476135
-0.6026948690414429
-0.16623647511005402
-4.222270488739014
0.5892211198806763
0.3274790346622467
-0.5135650038719177
-0.026149624958634377
-0.3132473826408386
-0.22731825709342957
0.7045116424560547
-1.7759625911712646
-0.39589008688926697
-0.8053179979324341
-0.8143532276153564
1.8047727346420288
0.07965918630361557
1.9590175151824951
0.4220277965068817
0.6310240030288696
-5.452660083770752
0.8774973154067993
1.1524569988250732
0.4453570246696472
-0.5093423128128052
1.1607166528701782
-3.7714691162109375
0.6531636118888855
1.3875274658203125
-1.3765647411346436
-0.948029100894928
-7.6506571769714355
-0.04310446232557297
1.5395435094833374
0.8763376474380493
-0.07741689682006836
-3.8806040287017822
-0.35599374771118164
0.5322788953781128
-2.219548463821411
-0.37323859333992004
1.0445727109909058
0.23020850121974945
1.4348803758621216
0.32599520683288574
1.4139442443847656
-0.06361746042966843
4.486640453338623
0.14084507524967194
4.898530960083008
-4.7118449211120605
-0.5038682222366333
-7.7472686767578125
-0.07220809161663055
7.356828212738037
0.6195892691612244
1.6982423067092896
0.20017051696777344
0.8689699769020081
-4.078640937805176
0.4005451202392578
-0.04086407274007797
0.1585807204246521
-0.12443487346172333
0.7992362976074219
4.930922508239746
0.07159572839736938
0.0016222866252064705
1.9103058576583862
0.6364660859107971
0.4104236960411072
-0.23900267481803894
1.7890880107879639
0.5831868648529053
4.53803014755249
4.337018013000488
1.252616286277771
-0.7565615177154541
-0.1557244509458542
-1.962383508682251
0.5932081341743469
0.4592181146144867
0.9043092131614685
0.2619476318359375
-2.8235626220703125
-0.4640492796897888
1.1759848594665527
-0.837937593460083
-0.8650218844413757
-0.48590266704559326
0.332236647605896
0.18105272948741913
7.3458452224731445
-2.527641773223877
1.6115522384643555
6.451982498168945
-0.1894582211971283
1.5670263767242432
-1.3683087825775146
1.0828397274017334
1.7063705921173096
0.6091476678848267
0.32064154744148254
0.09675730019807816
0.31669723987579346
-0.2060391753911972
-0.46550610661506653
-0.059063829481601715
-0.05586346238851547
0.30410516262054443
0.2338447868824005
0.874819278717041
-0.5055426359176636
0.40281376242637634
0.14459176361560822
0.2724703848361969
0.4387804865837097
0.1989191472530365
-2.3721542358398438
-0.19549991190433502
2.068065643310547
-2.51806378364563
-0.04763096570968628
0.27582818269729614
-0.5426551103591919
1.3692035675048828
-0.1746715009212494
0.14508193731307983
0.12076354026794434
2.204118490219116
-0.0298292338848114
-0.2668894827365875
0.09454494714736938
-0.14640529453754425
0.3100166320800781
0.23632758855819702
1.7910499572753906
-0.9350370764732361
-0.1989259570837021
0.8668746948242188
0.3186036944389343
0.13657356798648834
-0.5465922951698303
0.7205510139465332
0.24899820983409882
-1.2287888526916504
1.775782823562622
-0.7484674453735352
0.5751349329948425
1.2467727661132812
-0.35661745071411133
-0.049054987728595734
0.2407860904932022
-0.1620887964963913
-0.3166453540325165
0.8485308289527893
4.060973167419434
0.8124881386756897
-0.36484089493751526
0.1579357236623764
0.6622155904769897
0.16533052921295166
0.3278062343597412
0.504927933216095
1.085668683052063
-0.11105702817440033
-0.030283892527222633
-0.027315545827150345
0.16244326531887054
-3.1488475799560547
0.1858660876750946
0.6597999334335327
1.076996922492981
-0.06631837785243988
0.2899134159088135
-0.06037376448512077
-0.19961248338222504
0.5960637331008911
1.219947099685669
3.3400566577911377
-0.04689555615186691
0.2668423354625702
-6.019112586975098
-1.6705745458602905
-0.9901845455169678
-0.17741096019744873
-0.010303059592843056
0.7904309630393982
-0.41589242219924927
4.4413957595825195
-0.040409620851278305
0.42806920409202576
0.39544713497161865
5.430785179138184
0.03300182521343231
0.8920658230781555
0.9262279868125916
-0.13358575105667114
0.46111273765563965
0.7171211242675781
-0.22613149881362915
1.316124677658081
0.025001058354973793
-0.29607096314430237
-0.2074684053659439
0.006943162530660629
-4.251824378967285
-1.6386326551437378
0.2652912437915802
0.7807027697563171
-2.1440305709838867
0.15754808485507965
1.044325590133667
1.0942912101745605
0.6442872881889343
1.2218364477157593
-0.22055363655090332
0.5215144157409668
0.7900286316871643
0.10462769120931625
1.9615585803985596
0.05977766960859299
-1.0233635902404785
2.959672212600708
1.3739007711410522
1.051794171333313
0.2038821130990982
-1.9201186895370483
0.23408551514148712
0.40506699681282043
-0.33076757192611694
0.57105553150177
0.22320082783699036
0.16094936430454254
-1.0311872959136963
-3.1476006507873535
1.0329362154006958
2.5920615196228027
-0.0038128045853227377
-5.592050552368164
0.15902341902256012
-5.841972827911377
0.1867380142211914
0.21761716902256012
0.2575553059577942
-1.1740981340408325
-0.7137479186058044
-0.4946551024913788
-0.7605298161506653
0.13596290349960327
0.046845775097608566
-0.6622877717018127
1.9068118333816528
0.6577036380767822
0.9120293259620667
0.09215988963842392
-0.24842144548892975
1.24687659740448
0.20784397423267365
-0.7774152159690857
-0.4932212829589844
-0.14301584661006927
-0.10659167170524597
0.2928977906703949
-0.5058583617210388
2.4839775562286377
1.5347929000854492
0.8556950092315674
-1.993140697479248
0.7001917958259583
-0.3858596980571747
0.32827359437942505
-0.13887518644332886
-4.396362781524658
0.12300723046064377
-0.1722876876592636
-1.6148440837860107
-0.23334191739559174
1.8506399393081665
-3.111395835876465
-2.2611210346221924
0.8105047941207886
-0.14305958151817322
0.9298826456069946
-2.28277850151062
2.997572898864746
-0.09141387045383453
-0.4216839075088501
-3.1690821647644043
-0.28357475996017456
0.9676563143730164
-2.659517288208008
-2.4879565238952637
0.08605589717626572
0.7796224355697632
0.026243634521961212
0.16200701892375946
-0.30911967158317566
-0.02438371255993843
1.3232336044311523
4.411423206329346
-2.6191940307617188
0.1365852653980255
-1.2364393472671509
0.04298844933509827
-1.7178598642349243
-2.876720428466797
0.4333134591579437
0.32942813634872437
0.8384080529212952
2.2767343521118164
-0.7769074440002441
2.308936595916748
0.3029523491859436
1.2308590412139893
1.1794055700302124
-0.14464230835437775
-0.030091308057308197
0.2860196828842163
0.8516544103622437
0.8424738049507141
1.033719778060913
0.08327317982912064
2.135305404663086
1.8211027383804321
0.2778488099575043
0.14140848815441132
0.9137303829193115
0.9578006267547607
1.379826545715332
1.6360188722610474
0.5804099440574646
0.48001691699028015
0.2903989851474762
0.18710339069366455
2.082202196121216
0.21370930969715118
2.8622987270355225
-0.015947354957461357
-0.34408003091812134
0.9030932784080505
2.082509756088257
-0.09287575632333755
-3.332261800765991
1.7457994222640991
-2.076889991760254
-6.381305694580078
1.6260632276535034
-0.7967401146888733
0.6264317035675049
0.07140129059553146
3.3030152320861816
-1.7193392515182495
1.4323327541351318
1.3680346012115479
0.7769976258277893
1.2973994016647339
5.619657516479492
0.5151863098144531
2.033862590789795
0.2795875072479248
2.4198172092437744
-0.22161418199539185
0.4313929080963135
-1.4233593940734863
-0.9708805084228516
0.13093678653240204
0.9861201047897339
0.24534893035888672
0.4291625916957855
0.35640254616737366
0.6759521961212158
0.1623060256242752
0.787205159664154
-1.5641844272613525
0.11926548928022385
-0.09495170414447784
0.6361238360404968
0.07334959506988525
0.582375168800354
-0.4942280352115631
-0.08510589599609375
0.19376711547374725
0.48313358426094055
0.1335248202085495
-0.28993648290634155
0.006205170881003141
0.41174647212028503
0.3005668818950653
0.24832171201705933
0.16793014109134674
0.46921655535697937
1.570755958557129
0.7573244571685791
-0.568535566329956
-2.8878772258758545
-0.019857879728078842
-0.07145611941814423
-1.6958731412887573
-0.9473509192466736
0.1984199434518814
1.1699167490005493
-0.12895499169826508
0.32846418023109436
0.8956923484802246
-2.0862340927124023
0.27371102571487427
1.3846936225891113
0.13212934136390686
1.1053669452667236
1.033913254737854
0.4665341079235077
2.2949206829071045
1.2529575824737549
-0.32677161693573
1.5536532402038574
1.5493004322052002
0.40272483229637146
0.5696755647659302
0.9532774090766907
0.3909803628921509
-0.18783216178417206
-0.6882930994033813
-0.14985844492912292
0.017418192699551582
2.546914577484131
-0.08096878975629807
0.3055998682975769
-3.7472100257873535
-1.0302839279174805
0.003219649428501725
0.6043903827667236
-0.295568585395813
0.2876036465167999
0.39129316806793213
0.08742963522672653
-0.11811976134777069
0.6364892721176147
-2.22212815284729
-0.0030118075665086508
-1.0790343284606934
0.2547045946121216
0.2634575664997101
0.6262959837913513
-1.22074294090271
-0.5065367817878723
-0.23426957428455353
0.31160539388656616
0.26310300827026367
1.2227685451507568
-0.037038564682006836
0.10587605088949203
0.016652096062898636
0.27226632833480835
0.20275098085403442
0.07565763592720032
1.7559750080108643
0.323934406042099
-1.6180813312530518
-3.449369192123413
-0.06375935673713684
-0.1016579121351242
-2.2694952487945557
-1.639094352722168
0.15035386383533478
0.8255279064178467
-1.4946670532226562
0.07797732949256897
0.8245360851287842
-4.125193119049072
0.8135979175567627
1.3733279705047607
0.48146530985832214
3.129213333129883
0.9442446231842041
0.4979560971260071
1.5870022773742676
1.5146905183792114
-0.07663661986589432
0.9948129057884216
1.3623594045639038
0.32732918858528137
0.42987194657325745
0.4291684925556183
0.23042654991149902
0.5305180549621582
-0.6468698978424072
0.030885713174939156
-0.03689248859882355
-1.8307163715362549
0.0791264995932579
0.3651925325393677
3.605189800262451
-0.13670042157173157
-0.07025426626205444
1.0947911739349365
-0.3084120452404022
0.6782265901565552
0.11613813042640686
0.5783179998397827
0.0024702006485313177
0.2526592016220093
-0.5150774717330933
-0.3850068747997284
-0.722944438457489
-1.5490611791610718
0.30822134017944336
0.3628370761871338
-0.0397784449160099
-0.5300034284591675
-0.0878429114818573
1.0355875492095947
0.44933924078941345
0.2635955512523651
-0.046757206320762634
0.6784162521362305
0.31995055079460144
-0.11222125589847565
0.34154263138771057
0.23685891926288605
-0.13025972247123718
1.1745651960372925
-0.18248210847377777
-1.7871569395065308
0.07569553703069687
-0.08480270206928253
-0.6645058989524841
-1.045859694480896
0.20085155963897705
1.1468595266342163
2.0830910205841064
0.565738320350647
0.6621732115745544
0.6184996962547302
0.8097047805786133
1.978447675704956
1.2425639629364014
-0.5441614985466003
0.34614768624305725
0.21759723126888275
0.41979673504829407
-0.12418515980243683
-0.048769813030958176
-0.3329150676727295
1.0524424314498901
0.9523852467536926
0.42488718032836914
1.186208724975586
0.0467052087187767
0.4809141755104065
-0.36778682470321655
0.08716536313295364
-0.04005050286650658
-2.887702226638794
0.02340068481862545
0.12917979061603546
1.3093631267547607
0.27943146228790283
-0.11328833550214767
0.6936141848564148
-0.42549869418144226
0.35270166397094727
0.6403996348381042
-0.42914554476737976
-0.08734305948019028
0.17346513271331787
0.34781596064567566
-0.499667227268219
0.4207843840122223
-3.1601715087890625
0.177059143781662
0.6877831816673279
-1.0771546363830566
-1.3287099599838257
-0.08815473318099976
0.8884682655334473
0.40426120162010193
1.5405117273330688
-0.05464773625135422
0.3371639847755432
-0.054637741297483444
-0.3771182894706726
0.15877079963684082
-0.1493179053068161
-0.3453039526939392
-0.8314502835273743
0.6159823536872864
-0.5677372813224792
0.22226907312870026
-0.09045843034982681
-3.612105131149292
-1.1862324476242065
0.20947346091270447
0.4317098557949066
1.8922806978225708
-0.012442454695701599
0.4114556312561035
-0.8002493381500244
0.808858335018158
3.012850522994995
1.837745189666748
0.4338735044002533
0.3318386375904083
0.44623565673828125
0.673848569393158
-0.16024598479270935
-0.10872264206409454
-0.39205247163772583
0.9878032207489014
0.6204569339752197
0.33585020899772644
0.34808316826820374
0.04163690283894539
1.2709136009216309
-0.4024686813354492
0.07670564204454422
-0.10602957755327225
0.31190359592437744
-0.013464698567986488
0.3673836290836334
0.8626494407653809
-0.06419257074594498
0.008631112053990364
0.41802945733070374
0.04323144257068634
0.011576552875339985
-0.08789743483066559
-0.13669951260089874
-0.03285198658704758
-0.03416982665657997
-0.27876394987106323
-0.01593525893986225
-0.13122332096099854
0.13936586678028107
0.4145285487174988
-0.10122191905975342
0.05150076746940613
-0.20013879239559174
0.17826370894908905
0.2775863707065582
0.3501100242137909
-0.041199829429388046
-0.21780498325824738
0.27565616369247437
-0.07576069235801697
0.02105753868818283
-0.04542423412203789
-0.04430684074759483
-0.058237917721271515
0.6486071348190308
0.3400394022464752
0.4108421802520752
-0.032906949520111084
-0.10038024187088013
0.056987445801496506
-0.13289731740951538
0.04269397258758545
0.2595441937446594
0.4612765312194824
-0.016569793224334717
-0.06422948837280273
0.011383979581296444
-0.019028179347515106
0.18314091861248016
-0.028997963294386864
-0.2726476788520813
0.3049373924732208
-0.29087400436401367
0.30520379543304443
0.3835024833679199
0.0433371365070343
0.16174736618995667
-0.2250862866640091
-0.1713537722826004
-0.09354439377784729
0.18515463173389435
0.01297503337264061
0.4262393116950989
-0.22058138251304626
-0.02907056175172329
-0.036214083433151245
-5.4458788335917155e-39
3.127778046385458e-39
9.359945066488329e-40
4.6703862504497185e-39
5.839469941057413e-39
5.944389360976805e-39
3.032313187204866e-39
-1.533482948464577e-39
4.406649267777609e-39
5.4847186231274065e-39
5.979318126498565e-39
2.4147343293060967e-39
-6.712976345286609e-40
3.898670166669077e-39
3.3169449312785226e-39
1.422472084120765e-40
4.578839421775378e-39
3.335133785345459e-39
1.4465604047225087e-39
4.337549839203288e-39
-1.159716010373683e-39
3.8560889102336386e-39
-1.2053675117444568e-39
1.8568662002706724e-39
-3.289237056743428e-39
5.98357386993472e-39
-3.6147474796183684e-39
-4.3419835475444117e-39
5.334659175776719e-39
-5.8374843011334646e-39
-3.451939018839254e-39
4.285948424552991e-39
-2.6245507483694515e-39
-4.643875084803157e-39
5.534488540684831e-39
1.6770081410761178e-39
-1.2266728535960513e-39
-5.6452303557234926e-39
-1.5753761673540318e-39
4.398151793889943e-39
-3.2975271384583736e-39
2.7365453242352196e-39
-1.0456264933037493e-39
-2.6857496562019093e-39
-3.240553145495855e-39
4.919282081086164e-39
-1.3084708488540839e-39
-5.4807375341902597e-39
2.9131383580078973e-39
2.570306484815438e-39
-5.6887813106962436e-39
2.3525236839823964e-39
-5.2416395824163734e-39
3.864199625745151e-39
6.053909243754575e-39
5.256171047491422e-39
-5.7193296172185246e-39
3.290098855298988e-39
-4.567549160048313e-39
-8.605135648679766e-40
5.943474313079601e-39
-5.3018211475637313e-39
-1.2008441203016163e-39
2.3544084304169133e-39
0.4839209318161011
-0.0379180945456028
0.4824671149253845
3.663792610168457
-0.49543213844299316
-0.025267088785767555
0.4652206301689148
0.09009254723787308
-0.08532645553350449
0.08520267903804779
-0.15231631696224213
0.2503867447376251
-0.016838569194078445
-0.3179977834224701
-0.0705815926194191
-0.14032676815986633
0.28276732563972473
0.48426058888435364
-0.10946881026029587
0.044042401015758514
-0.5034297108650208
0.3232100009918213
0.30602768063545227
0.43691936135292053
-0.17437586188316345
-0.20378658175468445
0.26459014415740967
-0.10737305879592896
0.00896693766117096
-0.07968676835298538
-0.052587635815143585
-0.029482955113053322
1.5424811840057373
0.39522305130958557
0.3769342005252838
-0.025234505534172058
-0.01901610754430294
-0.01154699269682169
-0.13570700585842133
0.060775455087423325
0.26188063621520996
0.6792391538619995
-0.04230982065200806
-0.04224846884608269
0.29753008484840393
-0.0666901245713234
0.1730048507452011
-0.07060948014259338
-0.721989631652832
0.27242183685302734
-0.27425268292427063
0.3009779751300812
0.4832836091518402
0.09028037637472153
-0.028520511463284492
-0.2001585215330124
-0.17781120538711548
0.11647053062915802
0.26447054743766785
0.10504624992609024
0.4703257977962494
-0.2287767082452774
-0.0397011935710907
-0.05760430917143822
0.2449934035539627
0.008035633713006973
0.3422355353832245
0.1577131301164627
0.0467647984623909
0.022781774401664734
0.358051061630249
0.016908345744013786
0.05353420227766037
-0.05752123147249222
-0.06780844926834106
-0.20435571670532227
-0.016763437539339066
-0.19473391771316528
0.004086104687303305
-0.1949462592601776
-0.0009497787104919553
0.326053261756897
-0.194393590092659
0.07644376158714294
0.043729737401008606
0.09425030648708344
0.2365279197692871
0.2977396845817566
0.006883221212774515
-0.2277221977710724
0.29457488656044006
-0.058339085429906845
0.008674083277583122
-0.009175648912787437
-0.0025068973191082478
-0.05506198853254318
0.313463419675827
0.2938123643398285
0.31488901376724243
-0.029636893421411514
-0.24933457374572754
0.07806989550590515
-0.17893819510936737
0.03470839932560921
0.3260210156440735
0.3280492126941681
-0.029621649533510208
-0.20019623637199402
-0.20785048604011536
0.00032053273753263056
0.19886775314807892
0.02029150351881981
-0.19620384275913239
0.3494608700275421
-0.29776379466056824
0.29550015926361084
0.3358650207519531
0.011863281019032001
0.3054444491863251
-0.21552379429340363
-0.1898207664489746
-0.21454593539237976
0.051566530019044876
-0.09523580968379974
0.33274877071380615
-0.24057652056217194
-0.12620306015014648
-0.005989366210997105
0.9348375797271729
-0.138217031955719
0.3203011155128479
22.615400314331055
-3.2199020385742188
-0.1343715637922287
-0.04895506054162979
0.2548173666000366
-0.6972486972808838
0.9711765050888062
0.42325419187545776
1.7920242547988892
0.06343859434127808
0.3164401948451996
-0.05594196915626526
0.3479006588459015
0.7734465599060059
0.17000840604305267
-0.3544720411300659
-0.06526540219783783
-2.3459765911102295
0.8190760016441345
0.06392361223697662
0.39558660984039307
-0.7953630685806274
-0.06978307664394379
-0.5073707699775696
-0.24853651225566864
-0.17090952396392822
-0.1737791746854782
0.0951576679944992
0.2580895721912384
7.076549530029297
-0.5049354434013367
-1.1237924098968506
0.09036906063556671
0.07994569838047028
-0.3356287181377411
0.008758391253650188
0.06662371009588242
0.33239394426345825
1.815373420715332
-0.35592806339263916
0.5194014310836792
2.531402111053467
-0.40956082940101624
-0.47491809725761414
-0.08435866236686707
-4.705175399780273
0.2612941265106201
0.12649968266487122
0.058352384716272354
0.06093709170818329
0.3232678771018982
0.12353534251451492
0.16685925424098969
-0.0492694266140461
1.1718883514404297
0.3946021795272827
-0.4182315766811371
-0.09634631127119064
-0.13544459640979767
-0.276326447725296
-0.1356305480003357
0.3195320665836334
0.004212753847241402
0.2969570755958557
0.5848730206489563
-0.06969791650772095
0.004983252380043268
0.460161030292511
0.056294359266757965
0.052189819514751434
-0.10405902564525604
0.012235280126333237
-0.2564128041267395
-0.04924000799655914
-0.10749497264623642
-0.02770143374800682
-0.15297532081604004
0.010544580407440662
0.31022483110427856
-0.21241183578968048
0.14361457526683807
0.0635034590959549
0.1575719267129898
0.2984176576137543
0.3003230094909668
-0.0943484827876091
-0.22745364904403687
0.27917009592056274
-0.08547051250934601
0.012382766231894493
-0.0693928673863411
-0.058701734989881516
-0.1384667158126831
0.546349287033081
0.26480433344841003
0.1994713544845581
-0.03601684793829918
-0.19437366724014282
-0.010094735771417618
-0.027387766167521477
0.029287630692124367
0.2910272777080536
0.4361799359321594
-0.04564926028251648
-0.05827456712722778
-0.12247265130281448
0.029802853241562843
0.12912704050540924
0.08808980137109756
-0.3549978733062744
0.3734160363674164
-0.24202308058738708
0.32860496640205383
0.3368169963359833
0.04413269832730293
0.34109818935394287
-0.23513032495975494
-0.15845684707164764
-0.16692785918712616
0.1320922076702118
-0.0791938528418541
0.29415449500083923
-0.20649734139442444
-0.08555516600608826
-0.04652942344546318
0.26574134826660156
0.005768048111349344
0.2734006941318512
0.1950959861278534
0.04675717651844025
0.0015241455985233188
0.442966490983963
0.03620898723602295
0.06054306775331497
-0.10975964367389679
-0.09727267175912857
-0.28486543893814087
-0.05239945650100708
-0.21686749160289764
0.0009955522837117314
-0.2053230106830597
-0.0019500686321407557
0.31111958622932434
-0.2083916813135147
0.08256804198026657
0.0547955185174942
0.13078831136226654
0.28102293610572815
0.28909850120544434
-0.02088857814669609
-0.22353053092956543
0.2570291757583618
-0.04186082258820534
0.002245183801278472
-0.06474334001541138
-0.06535253673791885
-0.07808567583560944
0.3207378089427948
0.3134572505950928
0.3003695011138916
-0.021623605862259865
-0.22864648699760437
0.042747288942337036
-0.10153088718652725
0.018515272065997124
0.30967387557029724
0.36299020051956177
0.008870179764926434
-0.22865021228790283
-0.1947060376405716
0.016459686681628227
0.13878309726715088
0.02837366983294487
-0.2178768515586853
0.3383890390396118
-0.2648504972457886
0.31373146176338196
0.33621907234191895
0.03540828824043274
0.27236273884773254
-0.24047787487506866
-0.20687581598758698
-0.21404290199279785
0.09892316907644272
-0.10059729218482971
0.33433982729911804
-0.1909002661705017
-0.11307604610919952
-0.04590810090303421
0.28153783082962036
0.0018146776128560305
0.2631886899471283
0.5783616304397583
-0.05727080628275871
0.0014981324784457684
0.38122478127479553
0.05956818163394928
0.04063292220234871
-0.06197448447346687
0.03386876359581947
-0.24829912185668945
-0.05196201056241989
-0.10308432579040527
-0.028693778440356255
-0.16894657909870148
-0.004827504977583885
0.3115432858467102
-0.20132216811180115
0.1469689905643463
0.03153679892420769
0.11501405388116837
0.3123956322669983
0.2893840968608856
-0.0841669887304306
-0.22824297845363617
0.27221250534057617
-0.07806304842233658
0.007773673627525568
-0.06903207302093506
-0.06610704958438873
-0.11121402680873871
0.4853324294090271
0.2617953419685364
0.19854314625263214
-0.025713521987199783
-0.22757335007190704
0.015778066590428352
-0.1235300824046135
0.018659360706806183
0.2948596775531769
0.4142242670059204
-0.015842001885175705
-0.06239200010895729
-0.1344059854745865
0.034145984798669815
0.12526541948318481
0.10036609321832657
-0.36162132024765015
0.34135743975639343
-0.23702870309352875
0.2968793511390686
0.34213757514953613
0.03029780089855194
0.4039488136768341
-0.2828003764152527
-0.2023346722126007
-0.15602393448352814
0.13118217885494232
-0.05993538349866867
0.3431762754917145
-0.18641865253448486
-0.09660423547029495
-0.04567236080765724
-3.147742345606694e-39
1.6508276818671372e-40
2.1834976619170727e-39
2.3082748823744117e-39
7.796418278948628e-40
3.6944084947183056e-39
5.6292065077839383e-39
-3.201424688476513e-39
-1.2113510561871238e-39
1.6244986850209383e-39
-3.9753520212338595e-39
2.2543921538241938e-39
5.3453861155211256e-39
-1.7029910172016286e-39
5.575766589548447e-40
2.385468210878673e-39
-8.1466027651834e-40
1.7112516716488234e-39
-4.099837771610619e-39
-7.46708511386301e-40
2.980203101212019e-39
-5.2836028662290444e-39
2.2694673227034002e-39
-3.3480187247249254e-39
-1.9383769293435184e-39
-5.596912183375109e-40
2.150271474029467e-39
-3.831734342923673e-39
-5.779900743338965e-39
-1.5730121768447158e-39
4.7672818353623866e-39
-1.2800314965206117e-39
2.6991194448500324e-39
1.610157796537038e-39
-4.106506551002341e-39
2.993637349589501e-39
-1.086384660437101e-40
4.137934872960218e-39
-2.2738645972844515e-39
-5.97980577836415e-39
6.13981304351308e-39
-5.3555721540583027e-39
-1.7606572516055234e-39
2.6837934435457118e-39
1.9668681297201705e-39
-3.7413842231378664e-39
5.865842378156006e-39
1.5536476333662112e-39
4.577781441434813e-39
8.848765399687279e-40
7.46436659484222e-40
-1.0235083983428464e-39
3.3763501770766445e-39
-5.989424291023276e-39
4.140476828374503e-39
4.0394474129920766e-39
5.75950904808611e-39
-5.519518469190449e-39
5.460441127232979e-39
1.9176222977884035e-39
1.880993757229417e-39
-5.073081594038134e-39
-6.679191039311738e-40
-5.70138739168131e-39
0.28284475207328796
0.007490450982004404
0.25568458437919617
0.19228102266788483
0.05680439993739128
-0.009681168012320995
0.387180358171463
0.0649697557091713
0.048421528190374374
-0.08778465539216995
-0.1113685742020607
-0.2659667134284973
-0.06444501876831055
-0.2189764380455017
0.0033735644537955523
-0.20280857384204865
0.05789855867624283
0.29776811599731445
-0.18477413058280945
0.08779671043157578
0.04333903640508652
0.18240612745285034
0.28109416365623474
0.28603965044021606
-0.020235463976860046
-0.21434926986694336
0.22961567342281342
-0.0491478331387043
0.004744849633425474
-0.08635561168193817
-0.07725731283426285
-0.0965343564748764
0.2966076731681824
0.2999464273452759
0.28533390164375305
-0.029785413295030594
-0.19648323953151703
0.05194279924035072
-0.12867829203605652
0.02381635271012783
0.3233012557029724
0.3732748031616211
-0.0007505383109673858
-0.21426188945770264
-0.16021285951137543
0.012966361828148365
0.0800597295165062
0.030367998406291008
-0.21812975406646729
0.30590173602104187
-0.24612009525299072
0.2966125011444092
0.3136119842529297
0.06510479748249054
0.2793073058128357
-0.24595357477664948
-0.16033217310905457
-0.18325938284397125
0.11389493942260742
-0.06727608293294907
0.34693634510040283
-0.16949287056922913
-0.06616458296775818
-0.06534308940172195
0.19475321471691132
0.041331786662340164
-0.40372419357299805
0.14032183587551117
0.15198539197444916
-0.039235442876815796
0.15253201127052307
0.35721608996391296
0.11224465072154999
-0.03988468647003174
0.09609859436750412
0.11158214509487152
0.1355145275592804
0.7705709934234619
0.01669439673423767
-0.14157439768314362
-0.08481737971305847
0.16517679393291473
-0.28098785877227783
0.159186452627182
0.06373374909162521
-0.0385124646127224
0.21342897415161133
-0.17990319430828094
-0.354989618062973
-0.007772495504468679
0.2370029091835022
0.06853820383548737
0.06674613803625107
-0.10039133578538895
-0.0164763405919075
-0.1290227770805359
0.11695542931556702
0.31611931324005127
0.03738393262028694
0.1739477664232254
0.0387033075094223
0.09259528666734695
-0.17174206674098969
0.06013825163245201
0.12432652711868286
0.8353444337844849
-0.06392636150121689
0.24610459804534912
0.17702731490135193
-0.003583337413147092
0.0034511247649788857
0.16181497275829315
-0.14606893062591553
0.2739323377609253
0.00876617431640625
0.5105324983596802
0.32054150104522705
0.08236893266439438
-0.09740550071001053
0.6000398993492126
0.01102353073656559
0.25737133622169495
0.20628201961517334
-0.00260659446939826
0.00972688477486372
-0.22315257787704468
-0.03291480615735054
-0.01994243636727333
0.25819024443626404
0.00575504032894969
0.26819872856140137
0.25352758169174194
0.04959183931350708
0.001031276537105441
0.3990747034549713
0.03796271234750748
0.05228177085518837
-0.09424956142902374
-0.08974564075469971
-0.30360814929008484
-0.05253058671951294
-0.22285126149654388
0.0031868263613432646
-0.22536981105804443
0.021399857476353645
0.3235558867454529
-0.19295473396778107
0.0744841992855072
0.04013456031680107
0.12871338427066803
0.2739366888999939
0.28397008776664734
-0.015796467661857605
-0.21845903992652893
0.2537720799446106
-0.040295567363500595
0.002543392824009061
-0.06419157236814499
-0.06603360176086426
-0.06992368400096893
0.31257230043411255
0.34612974524497986
0.30157366394996643
-0.020403757691383362
-0.2449260801076889
0.05771239846944809
-0.15483121573925018
0.016250571236014366
0.3229282796382904
0.3832883834838867
0.017221469432115555
-0.23844735324382782
-0.19611792266368866
0.015270993113517761
0.13344842195510864
0.03502444922924042
-0.23110678791999817
0.31831905245780945
-0.25350743532180786
0.3085139989852905
0.3555554747581482
0.03654126822948456
0.30630117654800415
-0.2576572597026825
-0.24282953143119812
-0.2109711468219757
0.09521404653787613
-0.0876966342329979
0.3496782183647156
-0.15770985186100006
-0.10997199267148972
-0.04332088679075241
0.21781191229820251
0.008772267960011959
0.32646438479423523
0.1737101972103119
0.05025725066661835
0.019849548116326332
0.3350789248943329
0.027836734429001808
0.05480008199810982
-0.05962883308529854
-0.05329601839184761
-0.25067490339279175
-0.004922926425933838
-0.19795632362365723
-0.046331971883773804
-0.21588538587093353
-0.04751456528902054
0.3371775150299072
-0.1971217691898346
0.07953554391860962
0.03271206095814705
0.0517219603061676
0.23062191903591156
0.28946658968925476
0.006141460034996271
-0.2220342755317688
0.29433855414390564
-0.045541003346443176
0.005078200250864029
-0.024456996470689774
-0.005429541692137718
-0.021266404539346695
0.29461535811424255
0.3371886610984802
0.31501656770706177
-0.0050634113140404224
-0.2652425467967987
0.08190791308879852
-0.2171991914510727
0.0207546167075634
0.32492393255233765
0.33287540078163147
0.0036207048688083887
-0.22895681858062744
-0.23109671473503113
0.004624081775546074
0.20383620262145996
0.03418218344449997
-0.19654303789138794
0.33888140320777893
-0.28499576449394226
0.29290151596069336
0.36491072177886963
-0.013712841086089611
0.33461418747901917
-0.22823965549468994
-0.2586893141269684
-0.2262449413537979
0.0522804856300354
-0.10993362963199615
0.3414250314235687
-0.204312264919281
-0.14484794437885284
-0.0007772922981530428
0.23327775299549103
0.03540058806538582
-0.19972123205661774
-0.09510436654090881
0.14130114018917084
-0.0708763375878334
0.150858536362648
0.13827328383922577
0.11638275533914566
-0.10804130882024765
-0.028758356347680092
0.14638656377792358
0.14667241275310516
-0.036821022629737854
0.03031322732567787
-0.13506202399730682
-0.06787443906068802
0.1462695151567459
-0.05906260758638382
-0.16445617377758026
0.1721760481595993
0.13281598687171936
0.278526246547699
-0.24578648805618286
0.009219728410243988
-0.008828301914036274
0.09256748110055923
0.058859359472990036
0.06612483412027359
-0.14578098058700562
-0.08807521313428879
-0.0721856951713562
0.09861091524362564
0.1312461793422699
0.01962972991168499
0.10051583498716354
0.049672164022922516
0.12180893868207932
0.1425999253988266
0.03402549400925636
0.10349032282829285
0.09571942687034607
-0.15055733919143677
0.2709771394729614
0.008018548600375652
-0.025830840691924095
-0.008290853351354599
0.11129355430603027
0.04090379923582077
0.14625979959964752
-0.0060694869607687
0.05517525598406792
0.10257886350154877
0.1329675167798996
-0.07721111178398132
-0.01280380692332983
0.08071865886449814
0.22872662544250488
0.08512942492961884
-0.003040254581719637
-0.07781641185283661
-0.018992602825164795
-0.10275467485189438
-0.044536177068948746
0.22087246179580688
0.008378545753657818
0.321717768907547
0.179023876786232
0.04953383654356003
0.02226257137954235
0.33364981412887573
0.0063793957233428955
0.0542387031018734
-0.0625358298420906
-0.047400567680597305
-0.2518964409828186
-0.017615489661693573
-0.19952392578125
0.003353073261678219
-0.21590611338615417
-0.04309501871466637
0.32977166771888733
-0.1986846625804901
0.06421943008899689
0.030843373388051987
0.058416977524757385
0.23083852231502533
0.2885599434375763
0.005779019556939602
-0.2287125587463379
0.29154571890830994
-0.04486667364835739
0.0026509917806833982
-0.006219534203410149
-0.014324117451906204
-0.03172362223267555
0.2922584116458893
0.33400776982307434
0.31583648920059204
-0.021725645288825035
-0.27508848905563354
0.08151329308748245
-0.21843643486499786
0.021083859726786613
0.32209742069244385
0.3334214687347412
-0.0020412395242601633
-0.22691476345062256
-0.22918327152729034
0.0033421474508941174
0.20482176542282104
0.0324549600481987
-0.19779449701309204
0.3400857150554657
-0.2869058847427368
0.290853887796402
0.36373355984687805
0.006425035651773214
0.33658936619758606
-0.2285631150007248
-0.2644141614437103
-0.2300238311290741
0.04792584106326103
-0.11409041285514832
0.3420010805130005
-0.17993102967739105
-0.14754536747932434
0.0013609804445877671
0.24060487747192383
-0.010852858424186707
-0.01371695939451456
-0.05129789561033249
0.017946740612387657
-0.0006631232099607587
-0.09148941189050674
-0.028318164870142937
0.012601864524185658
-0.04008270800113678
-0.24817858636379242
-0.02552742138504982
-0.22717900574207306
-0.23770886659622192
-0.007906205952167511
0.002874822588637471
0.17256517708301544
-0.02767915092408657
0.20220284163951874
-0.26625654101371765
0.011692729778587818
0.3139697015285492
-0.17041154205799103
-0.02769155614078045
0.0013107320992276073
-5.016521754441783e-05
-0.2576962113380432
-0.23046503961086273
-0.019568024203181267
-9.1022402557428e-06
0.0005260422476567328
-0.30113086104393005
-0.22191208600997925
-0.19940300285816193
-0.13078710436820984
-0.0034540235064923763
0.024524955078959465
0.04797505587339401
-0.04835013672709465
-0.18327189981937408
-0.035723600536584854
0.2115844041109085
-0.013427666388452053
0.008869973011314869
0.04592040926218033
0.0018195748561993241
-0.002735935617238283
0.013760114088654518
0.2853553891181946
0.32227930426597595
0.012436863966286182
-0.0004785517230629921
-0.2762417793273926
0.28846967220306396
0.06645301729440689
0.0034196970518678427
0.29985371232032776
0.020386317744851112
-0.0017805953975766897
0.01027550920844078
-0.22182421386241913
-0.04864628612995148
0.006220500450581312
9.598721953807399e-05
-0.3739815652370453
-1.2138336896896362
2.450563907623291
-1.4110562801361084
-0.9704800248146057
-0.3017558157444
-1.7953367233276367
-0.3496881425380707
-2.5343129634857178
2.570460319519043
-2.914051055908203
-1.4230669736862183
-0.9603699445724487
3.108121395111084
-0.6824350357055664
0.5003873705863953
-1.7006796598434448
0.5452770590782166
0.9356635212898254
4.455140590667725
-2.071488618850708
1.470334768295288
1.097171664237976
-0.3918797969818115
0.6772793531417847
-0.0688842162489891
-0.2831532657146454
-0.25978291034698486
-0.9997016787528992
-0.5357156991958618
-0.5310977697372437
3.575059175491333
1.0265132188796997
-3.989842176437378
-1.0591963529586792
0.22415055334568024
-2.29032039642334
1.0954807996749878
3.990835428237915
-0.7658646106719971
-3.1039023399353027
4.125843524932861
1.8382519483566284
-0.5984225273132324
0.9991070032119751
-0.06589506566524506
-4.215023994445801
-1.7780050039291382
0.47502902150154114
2.265690803527832
-0.8769482374191284
-1.4302117824554443
-2.5018725395202637
0.33157840371131897
-3.4091193675994873
1.0597647428512573
-0.4632246494293213
1.6864255666732788
-3.064220428466797
1.8845399618148804
2.2538795471191406
1.1163939237594604
0.9057087302207947
-0.046278681606054306
-0.26031017303466797
0.18842732906341553
1.0271778106689453
3.652574300765991
0.48746246099472046
-0.15659111738204956
0.9094774127006531
0.1272234320640564
0.8247810006141663
0.7082250714302063
0.1531391590833664
0.3422982096672058
0.4731748104095459
0.9599170088768005
-0.31394729018211365
0.20456326007843018
1.3298219442367554
0.07315234839916229
0.25029507279396057
0.6321991086006165
0.6234460473060608
-0.07325024902820587
0.6374321579933167
0.43522533774375916
-0.254579097032547
0.005735422484576702
0.3901755213737488
0.286516010761261
0.09867950528860092
0.11294633895158768
0.026299037039279938
0.10077334940433502
0.7048640847206116
0.9598368406295776
-0.3103893995285034
0.21299774944782257
-0.04449355602264404
-0.20249135792255402
1.0576493740081787
0.46764594316482544
1.1880491971969604
0.8310145139694214
0.054010938853025436
0.6608170866966248
0.321803480386734
0.12897281348705292
0.10706573724746704
-0.11225639283657074
-0.19177328050136566
0.5037113428115845
0.13717463612556458
0.536181628704071
0.518548846244812
0.1822628378868103
-0.762313187122345
-0.00989516545087099
0.5979833006858826
0.7803856730461121
0.21920903027057648
0.48672083020210266
1.1319055557250977
-0.15287473797798157
0.11245398223400116
0.2622307538986206
0.3296838402748108
-0.011166078969836235
-0.21216796338558197
0.08336704969406128
0.01652710884809494
-0.0007445029332302511
-0.0020374595187604427
0.0070226979441940784
0.01153913140296936
-0.11615496873855591
-0.03716050088405609
-0.027757378295063972
-0.03554961457848549
-0.017217865213751793
-0.0033631413243710995
-0.040252044796943665
0.28251785039901733
-0.0013986972626298666
0.009958659298717976
0.02029089629650116
0.017142245545983315
-0.01151221338659525
0.2759149670600891
0.025376245379447937
0.24566151201725006
-0.012849039398133755
0.013906825333833694
-0.006157296244055033
0.013969623483717442
0.14739389717578888
0.0028077277820557356
0.008121089078485966
-0.13668160140514374
0.03235860913991928
0.24517838656902313
0.2637932002544403
-0.2337583303451538
0.07932204008102417
0.17299024760723114
-0.031133873388171196
-0.03163433074951172
0.3788851201534271
-0.01909736357629299
0.32724282145500183
0.07574540376663208
0.20155450701713562
0.005777117796242237
0.015670303255319595
-0.025105584412813187
-0.014254863373935223
0.08966658264398575
-0.0007101502269506454
-0.044062063097953796
0.20846441388130188
0.28033003211021423
0.02650592476129532
0.0034977984614670277
-0.01615716889500618
-0.00519607262685895
0.010349988006055355
0.2654184103012085
-0.11590317636728287
-0.007022426463663578
0.00010671432391973212
-0.023644860833883286
0.05460038408637047
-0.7727784514427185
-0.450266569852829
0.43301910161972046
0.013372241519391537
0.5061407089233398
-0.25154709815979004
0.2191358506679535
-0.6657761931419373
-0.24628835916519165
0.23632468283176422
-0.062361881136894226
-0.3209153115749359
0.046168003231287
-0.6308292150497437
0.19097061455249786
0.11477063596248627
-0.020009590312838554
-0.13698872923851013
0.05777411907911301
0.03871159628033638
0.7694955468177795
0.19301486015319824
0.13593840599060059
0.01556621864438057
0.3547325134277344
-0.017735904082655907
0.1242465078830719
-0.07087887078523636
0.04192373901605606
0.7661702036857605
0.22859221696853638
0.6577802896499634
0.1319417655467987
0.17009060084819794
0.006246249657124281
0.11838420480489731
0.8660283088684082
0.20531514286994934
0.15510670840740204
0.9599158763885498
-0.15313629806041718
0.14442825317382812
0.4211435616016388
0.38964733481407166
-0.20440828800201416
-0.06206977367401123
0.2437303215265274
0.3366953730583191
0.30344992876052856
0.29984474182128906
1.2496358156204224
0.5107559561729431
0.14061610400676727
0.40261945128440857
0.065370112657547
0.31352120637893677
0.15935464203357697
-0.3887052536010742
-0.039264384657144547
-0.1995537430047989
0.19100187718868256
0.07267265021800995
0.24665910005569458
0.03617607802152634
0.009553303942084312
-0.0315905325114727
0.15036211907863617
0.01047870796173811
0.5107973217964172
-0.029344867914915085
0.10748005658388138
-0.1598915159702301
-0.17483308911323547
-0.06400937587022781
-0.02691337838768959
-0.1664096713066101
0.03666052594780922
-0.6620972156524658
0.060687508434057236
0.3474084734916687
-0.1256512999534607
0.07345478981733322
0.03951314464211464
0.07323343306779861
0.6598842144012451
0.35031166672706604
0.04409525915980339
-0.10088817030191422
0.4167899489402771
-0.022190416231751442
0.05948449671268463
0.044379979372024536
-0.06474686414003372
0.28098681569099426
0.39827823638916016
0.4533659815788269
0.31460562348365784
0.048912543803453445
-0.13266074657440186
0.1278793066740036
-0.11092836409807205
0.08549217879772186
0.41397029161453247
0.5840684175491333
0.06627524644136429
-0.3767530918121338
-0.16432997584342957
0.08584526181221008
0.1265091449022293
0.026944000273942947
-0.15001025795936584
0.4228300154209137
-0.20383116602897644
0.34184637665748596
0.7154268026351929
-0.003261117497459054
0.45590004324913025
-0.03194727748632431
-0.12750974297523499
-0.05520816147327423
0.13321928679943085
-0.002032271819189191
0.22112402319908142
-0.3103790283203125
-0.07868866622447968
0.014941630885004997
0.0029780541080981493
-0.07435330003499985
0.03955095261335373
0.14827167987823486
0.07470402121543884
-0.006146023981273174
0.095034658908844
-0.15121999382972717
0.05358589440584183
0.04324885457754135
-0.1962343156337738
-0.04089326784014702
-0.06930442899465561
0.6946176886558533
-0.009380072355270386
-0.02838612161576748
0.10813913494348526
0.09754067659378052
-0.08989624679088593
0.4900929033756256
0.015722138807177544
0.05277115851640701
0.12552900612354279
-0.02258569933474064
0.012944715097546577
-0.009512928314507008
0.07610388100147247
-0.07212749123573303
-0.015138096176087856
-0.025692269206047058
-0.013859376311302185
-0.04122156649827957
-0.05936744436621666
0.05777401849627495
-0.0008313800790347159
-0.03769002854824066
0.008081917650997639
0.08507091552019119
0.041540130972862244
0.004035220481455326
0.07162187248468399
0.42025086283683777
-0.015456389635801315
0.06466371566057205
0.08455166220664978
-0.2133716344833374
-0.05430760234594345
0.026166550815105438
-0.3735913634300232
0.4900722801685333
0.032607533037662506
0.3189246654510498
-0.014385337941348553
-0.06872078776359558
-0.025899285450577736
0.2504301965236664
-0.039827458560466766
0.09401480108499527
0.24849838018417358
0.012153110466897488
0.026909971609711647
0.18124321103096008
-0.034014347940683365
0.002856916282325983
1.0844835042953491
-0.45757198333740234
-0.7767753601074219
-7.992417812347412
-0.34059637784957886
0.13329964876174927
2.4401209354400635
0.5826078653335571
1.5050679445266724
-4.735018730163574
-1.642867088317871
-2.023803234100342
0.2562209367752075
-2.043523073196411
0.1535334289073944
-2.675482988357544
2.853315830230713
0.4788537621498108
-1.4545583724975586
-0.15931767225265503
-13.408275604248047
0.043123386800289154
0.5220427513122559
0.7322551012039185
2.7288455963134766
0.08752032369375229
-1.1715720891952515
-0.28013578057289124
-0.6346633434295654
0.4907136559486389
-0.01954733021557331
0.6208366751670837
4.205814838409424
0.05165696144104004
5.391346454620361
-0.11167079955339432
0.7674908638000488
-0.959187388420105
5.893610954284668
0.32334503531455994
-3.173248291015625
5.3011555671691895
-1.2173330783843994
4.4395856857299805
7.370758056640625
-0.8732818365097046
-0.8678320050239563
0.7040455937385559
-1.9706642627716064
0.7562565803527832
1.0403693914413452
1.2539042234420776
1.6596194505691528
-0.14234711229801178
3.8331727981567383
-0.925421953201294
0.2574913203716278
-3.656407117843628
3.9218738079071045
-1.568143367767334
4.1081862449646
-0.2249613255262375
0.7615464329719543
0.030912233516573906
-5.8148267062637966e-39
-4.641009429443613e-39
1.610554364002442e-39
1.7778315655842884e-39
-4.484461970203102e-39
1.4768536749242826e-39
2.4032661026740624e-39
2.7040281933705622e-39
1.0918609348356823e-39
-5.753264862129079e-39
1.5004333241834763e-39
2.8789887144323015e-39
-2.3174688015988468e-39
3.1017040858597663e-39
-5.931703405979272e-39
4.547017334949026e-40
1.3649543873540886e-39
3.953857504089581e-39
-1.4184181276634734e-39
1.076108938798207e-39
3.807465254820032e-39
5.890003566277894e-39
4.0365775537371394e-39
3.8296604211964726e-39
3.682500260368473e-39
5.2961570991709304e-39
-4.6852049817099534e-39
-3.019100343984747e-39
4.700616462220598e-39
1.541575447096053e-39
-5.6339835342488217e-39
5.898408554466915e-39
-1.7984909088438292e-39
-4.882081810753733e-40
-5.3694113776919746e-40
-5.439051707473525e-39
-1.6439963518535538e-39
-1.4936061980652857e-39
3.3681021343156287e-39
1.847969356320674e-39
1.3279545027020561e-40
-1.553629416486175e-39
-3.108717584673712e-39
3.665206836020241e-39
-4.3789371893471214e-39
1.546632733253801e-39
5.219763912089799e-39
-5.307700995920038e-39
-1.4570757483988021e-39
1.6756404737749368e-39
4.3359257342831355e-39
5.6189055627726866e-39
1.4469107293385899e-39
2.2729537532826403e-39
-1.0708708851385609e-39
9.51719878015486e-40
2.8285433710150725e-39
3.9152909677544335e-39
-2.6427087738701725e-39
7.481490462076269e-40
-1.6708718551008394e-39
2.3684634540140912e-39
-3.3730276984177304e-39
-5.811113265333336e-39
0.22326697409152985
0.0007030418491922319
0.346908301115036
0.12478727847337723
0.06702340394258499
0.021578272804617882
0.3795894384384155
0.0032834436278790236
0.034574102610349655
-0.04405726119875908
-0.04326767101883888
-0.12622089684009552
-0.013908066786825657
-0.19189803302288055
-0.00024244384258054197
-0.14498595893383026
-0.01968936063349247
0.36169955134391785
-0.08693822473287582
0.07145154476165771
0.01630285382270813
0.06459473073482513
0.23585008084774017
0.29802241921424866
0.0024126709904521704
-0.22469286620616913
0.29183369874954224
-0.05111468955874443
0.007712036836892366
-0.008075135760009289
-0.015758471563458443
-0.02885017730295658
0.21175898611545563
0.35478755831718445
0.34143149852752686
-0.01893351599574089
-0.24838514626026154
0.08460648357868195
-0.2379198968410492
0.020470457151532173
0.3115920126438141
0.3205873966217041
-0.005568474531173706
-0.15615418553352356
-0.20161406695842743
-0.0002616510319057852
0.24974486231803894
0.027448013424873352
-0.09050290286540985
0.2898299992084503
-0.2953000068664551
0.27869197726249695
0.3609454929828644
0.007320074830204248
0.22717569768428802
-0.23988790810108185
-0.27513355016708374
-0.1452915221452713
0.04255754128098488
-0.042429789900779724
0.34431418776512146
-0.18569743633270264
-0.06998287886381149
-0.0005078777321614325
0.5210863351821899
-0.026069341227412224
-0.2213146835565567
-0.06463364511728287
0.26378878951072693
-0.006681167054921389
0.1273110955953598
-0.22680774331092834
0.4289664626121521
-0.11253105103969574
-0.11006409674882889
0.09246614575386047
0.2917695641517639
0.15297609567642212
-0.1671869456768036
-0.10578808933496475
0.4280070960521698
-0.15011835098266602
-0.23964111506938934
-0.2249768227338791
-0.12646722793579102
-0.025454198941588402
0.5356975197792053
-0.028835928067564964
0.1621619015932083
0.17283211648464203
0.011426262557506561
-0.09932850301265717
-0.010049808770418167
-0.06668759137392044
-0.045908380299806595
-0.24402505159378052
-0.23446212708950043
0.32401221990585327
0.31279316544532776
-0.08401310443878174
0.005219804123044014
0.3116048574447632
0.06147262454032898
-0.15635593235492706
0.33111366629600525
0.21997298300266266
0.4955987334251404
0.5613141655921936
-0.08926454931497574
-0.14800620079040527
-0.114588163793087
-0.0010919939959421754
0.2480565458536148
0.24723295867443085
0.018679281696677208
0.42577171325683594
0.34763526916503906
-0.052489135414361954
-0.07292918860912323
-0.009299770928919315
0.25817739963531494
0.12308305501937866
0.04659077525138855
-0.013872090727090836
0.2917127013206482
-0.03819692134857178
0.42262306809425354
-0.15201106667518616
-5.1527734377042865e-39
-5.55734091604104e-39
1.4016571967316842e-39
4.8083258673824605e-39
-5.422041345415086e-39
-7.355275509394532e-40
-4.6394105478958184e-39
-4.457231938444342e-39
-2.4481342782032787e-39
5.449100418761198e-39
3.246360126332017e-39
4.0505597098141724e-39
-5.700543810005786e-39
-3.682916446012378e-39
4.558800853735533e-39
-1.2155395372969907e-39
1.633971462639774e-39
-4.60536039651119e-39
6.04463124662228e-39
-1.1974417676302357e-39
-2.7608984902467206e-39
-3.824584918158688e-39
-8.16631903457645e-40
-1.6173380498682384e-39
-2.2914312748332274e-39
-1.797665544048342e-39
1.5558504745521298e-39
-3.2839849900991386e-39
-3.880444878842068e-39
-2.8617961835735004e-39
1.4228182048414533e-39
6.149301235415023e-39
1.1221065608896692e-39
1.77153973547947e-39
1.3164330267283775e-39
-1.6811363663520187e-39
-4.242886522744289e-39
-3.0980551046586645e-39
2.8290226150898715e-39
5.351026341840033e-39
1.5412321289722933e-39
-1.4282888740461774e-39
-6.07952077578704e-39
-2.5685716773166037e-39
-3.9297089276538716e-39
-1.176701149059764e-39
-2.473252553176301e-39
-2.91774022216474e-39
-3.1159763107189146e-39
-3.266316017762467e-39
1.1598939752786522e-39
-4.2291425874061914e-39
-1.9066515321112045e-39
2.8787434872010447e-39
3.2595197202104916e-39
-4.7426133771964125e-39
-8.548102801181746e-40
-4.543090896651988e-39
4.0173068972557445e-39
-3.260353492796765e-39
2.4900401087789123e-39
5.657549170523372e-39
-3.0994101602736666e-39
-3.26694239817602e-39
-3.7370191784214946e-39
-4.58725141645672e-39
2.2233043473931477e-39
-5.700315398356101e-39
3.2395666313769705e-39
3.6782683390062123e-39
-2.607925743388702e-39
-1.699873128118506e-39
-3.022464861597591e-39
-9.058525766812061e-40
-2.3295213696905045e-39
2.7010966769831947e-39
-2.7288451891737547e-39
-1.8497644196534742e-39
-3.316835629998305e-39
5.759324076688819e-39
2.579319636537975e-39
2.4976211334709096e-39
-3.800869342948455e-39
1.2852835631649011e-39
1.1419391380552583e-39
5.179742827948682e-39
-9.940390916380955e-40
-5.888336021105348e-39
1.0894142677169712e-39
-1.559376141488371e-39
1.6789083017937423e-39
3.3214094681858614e-39
5.2228649855913495e-39
-1.238530641201168e-39
1.3189791860380557e-39
1.3799973263686155e-39
-2.6637002248657583e-39
4.1303706638497924e-39
-1.7817075571366108e-39
-4.3859787141303536e-39
-3.006279864334639e-39
-2.4075064318271093e-39
4.06054816526788e-39
2.6764870733527222e-39
2.90207090273666e-39
1.8289495322643934e-39
-5.6037238952101916e-39
-5.944435603826128e-39
-5.279079474786204e-39
5.831653498223409e-39
-1.3101818342790245e-39
2.570824965247238e-39
-4.014581371742633e-39
-5.449404500527957e-39
1.719904689666029e-39
-2.546341478478555e-40
6.06172288399165e-39
-2.2373930021534695e-39
-1.5752976946400296e-39
-2.7495087363286884e-39
1.6275465091808447e-39
5.460759221984381e-39
-3.890473971951241e-39
3.29361191054905e-39
1.9369405984175854e-39
3.250229111392018e-39
-1.455392788943148e-39
-5.528048172942794e-39
0.09772111475467682
-0.8645206689834595
-0.7803181409835815
-0.3037729561328888
-1.573464274406433
-0.20171846449375153
1.6691704988479614
-0.8178797364234924
-4.32155704498291
-1.0376960039138794
0.2546587586402893
-0.19643482565879822
-0.15663965046405792
-2.3197104930877686
-0.8451288938522339
2.006107807159424
-1.533189058303833
-0.5005515813827515
1.4823681116104126
-0.18217797577381134
0.0029227815102785826
0.060463957488536835
3.9435527324676514
-0.03923840820789337
-0.6184710264205933
0.020882178097963333
0.7193921804428101
-3.2821006774902344
-1.3044987916946411
-0.24636602401733398
-0.40378138422966003
1.484296441078186
-4.29293966293335
3.6342873573303223
-3.409226417541504
-0.6315478682518005
2.025191068649292
-3.264355182647705
3.5299880504608154
0.1373288333415985
-4.4713897705078125
3.5514791011810303
-1.6801506280899048
-2.3008675575256348
-0.33578914403915405
-0.904191255569458
-1.0982372760772705
0.3451825678348541
-0.17725972831249237
-1.2659595012664795
-2.940157413482666
-0.11525029689073563
-0.15491370856761932
-0.6449872851371765
-4.396435737609863
2.0782392024993896
0.28551435470581055
-1.3836565017700195
2.2788374423980713
-1.6680735349655151
-1.1684741973876953
-0.9928148984909058
-1.2471520900726318
-0.2868516743183136
-0.27686622738838196
-0.018055813387036324
1.3133690357208252
0.5239869952201843
0.9843701720237732
-0.04567232355475426
0.5561104416847229
0.018868062645196915
-1.0736769437789917
0.5644234418869019
-0.37120330333709717
0.8015143275260925
0.036725420504808426
-0.7319633960723877
-0.07202707976102829
1.1497682332992554
-0.8603963851928711
0.159598708152771
-0.4131060242652893
0.9181190133094788
1.387198567390442
0.5469022989273071
0.8903781175613403
0.6291365623474121
0.15910683572292328
-0.014867094345390797
1.0238447189331055
0.533902108669281
-0.23121100664138794
0.01660589873790741
-0.1685033142566681
1.2955565452575684
-0.04932405427098274
0.8935665488243103
0.12605372071266174
0.32919469475746155
-0.14124996960163116
0.5693752765655518
2.234933376312256
0.7376204133033752
0.4644941985607147
1.2277594804763794
1.184723138809204
0.8771870136260986
1.3751882314682007
0.7658214569091797
-0.25132089853286743
0.7195686101913452
-0.36050674319267273
0.39184609055519104
-0.03134907782077789
0.4111807644367218
-0.017217842862010002
0.09248271584510803
-0.2516564726829529
0.11002954840660095
0.2912856638431549
0.3432289958000183
0.13693615794181824
0.1858539879322052
1.3447396755218506
-0.006872453726828098
0.8904984593391418
0.3895357847213745
4.480574768263065e-39
-5.342406954985971e-39
5.388396169286647e-39
-4.081283178644494e-39
-5.4149423673948165e-39
-3.4101340817530516e-39
-1.5218759932845746e-39
3.38627977799485e-39
1.659144388252905e-39
-5.1257059565673883e-39
-4.0634852868491045e-39
-3.086322032616873e-39
1.7885795248056597e-39
-3.7155779106188606e-39
-5.545749375144145e-39
-5.636624981854074e-40
-1.2613017412464462e-39
1.8679196425572666e-39
1.695145147099874e-39
3.942528006005515e-39
-4.1351603020008546e-39
1.288716744402497e-39
2.5791823092884713e-39
2.259686259422413e-39
8.140268896124652e-40
-4.220612883653846e-39
2.5466763888115285e-39
4.5324031932645824e-39
5.850376247005253e-39
2.2551362433087503e-39
-5.769133165939093e-39
5.397520023587866e-39
-2.1280034401328813e-39
5.6458637426293674e-39
1.5187595054999162e-39
3.6877859581759065e-39
-4.422184062553114e-39
8.611175245061006e-40
-6.02066063509154e-39
4.430807653302569e-40
1.3660642157378339e-39
9.075327335399316e-40
-5.792085033486269e-39
3.23488769580459e-39
-3.1166012898340035e-39
-1.556036847247885e-39
-8.472432684108206e-40
-5.4826054650432046e-39
1.4604949166517546e-39
1.5579103832946873e-39
-4.6737858005241705e-39
-1.469887820258124e-39
-1.1813702755428943e-39
-4.0880626606148975e-39
-2.96479021940291e-39
2.0696029253336802e-39
-2.7810365504775325e-39
5.649437053713396e-39
2.168279560594505e-39
-3.452824639468707e-39
-5.806934593312719e-39
2.702577849459986e-39
5.303201426551091e-39
4.463113188099113e-39
5.27883845145034e-39
4.4200036421426245e-39
1.7760547191315245e-39
5.4350201717916625e-39
3.8200012708818816e-39
5.177702537384625e-39
-1.1792192824001557e-39
-3.2816378151713945e-39
2.015511403312278e-39
2.6896536737235182e-39
7.89478943114423e-40
1.9492131703681422e-39
-3.4143267667583114e-39
-8.557771760585588e-40
-4.385213605168832e-39
1.258543985868655e-39
-2.466906072431374e-39
1.3057691454148656e-39
2.6009612900210076e-39
-3.767302639534018e-39
-3.091361101894585e-39
-1.172326295254142e-39
-3.053786684872179e-39
1.517240497964588e-39
-2.971568300074849e-39
-7.389789490570853e-40
1.5590328233646115e-39
-5.947050426760558e-39
-5.993978511032331e-39
5.825182301915157e-39
1.4235875176983676e-39
1.2695764086782843e-40
1.5666166506535374e-39
3.4406823882753326e-39
-4.518841426726847e-39
-2.4762877656500286e-39
2.9284209190598238e-39
4.864843037045609e-39
3.2541891808522e-39
3.9581777072550945e-40
-1.2808638678084207e-39
-3.253907519860871e-39
1.6939540434051978e-39
-4.15126542525134e-39
5.356436755210791e-39
4.8699185400833935e-40
2.9802885804183426e-39
3.026144671364908e-39
1.5564880653533976e-39
2.969811071800586e-39
-5.468246359679268e-39
3.026621112842778e-39
-4.6505971135365234e-39
-3.649712678900201e-39
2.3289076009631303e-39
-5.3897049820523266e-39
-1.9419796676952975e-39
1.4945366602455974e-39
5.2534567323660246e-39
-2.5601372618598327e-39
-1.573233582002079e-39
4.517654526927564e-39
-8.29742451889868e-40
-5.4338641005585945e-39