1296.5561869232495
4.186060285024508
68.35813618167234
0.3635971295030968
11.815332948601661
6.997894501277073
32.80354580313265
6825.868061088101
106982.28224321855
1.26352731157216
8332.948664720994
258.8175443239384
203.90581589568046
116.18330128972174
70.14923751813836
141.87408514093553
0.0
84.84779667734932
5.016073236019821
57.15097352147157
7.497794851327546
5.682665447017826
6.218449666934094
0.0
9.026095180463889
0.013773754549371174
5.552238378537439
0.08901597295640762
0.028441303614436364
0.06291570854938731
1.3619370588250933e-05
2.7238808806938004
1.7324527819453415
4.291034568900979e-06
0.024313701492594396
0.2117656809678298
0.0008668356245980944
26.11543526645529
0.0
8.142578392187593
0.0005051760371278968
0.0
0.0
1.6724620197965014
0.0724601354726255
0.0
0.0