517.158172477592
17.846026568377614
272.4939885756072
5.052865497971025
8.779986227263228
2.440456943910859
26.871853993156357
70004.79976948595
787801.5496055087
0.9074113227852829
24752.605388707718
1630.849558674286
1429.6866874441282
817.8445139910349
631.5064246435858
5443.652902239373
1.0
1275.7984749005896
874.8129847415058
215.44072024266825
1264.372682576204
1251.3867205530846
1251.3564968009173
1.0
1744.074516115451
0.5859008468871401
1247.0681372441866
18.514889820455352
1.3155039139084663
13.855556838485638
0.018595731520610066
1.6221985095373233
13.87302340836113
0.007580404439729273
0.38939862564263866
9.62835610149862
0.08351214669092244
51.518298922511576
1.0
874.4439114086463
0.026996312682498167
1.0
1.0
0.8461869482709437
0.5782403658367614
1.0
1.0